59
-20 19 -26 -29 -8 94 -26 -36 -20 42 97 65 90 -19 44 -28 62 -48 12 11 -29 -7 83 14 -28 -9 38 -33 -24 92 -20 -17 -44 -46 -46 28 18 40 73 85 69 55 -39 -26 -15 69 -6 32 15 -44 49 33 6 77 -33 34 43 23 92 
-1 13 -37 -19 25 -14 99 62 28 86 -5 72 5 81 2 19 3 -23 -19 68 83 0 -42 -28 44 94 52 -50 -11 31 98 51 28 36 38 96 79 27 70 -45 48 31 83 -45 68 -47 -43 50 4 78 3 -24 -6 -9 26 35 -24 -11 62 
98 56 -15 90 86 -25 77 -19 -15 48 1 20 -31 67 -11 6 49 97 2 5 -36 -42 -35 34 32 51 32 -48 72 59 -30 1 13 35 59 30 24 73 37 22 -5 -19 -2 68 86 45 -25 22 -6 -36 91 95 99 73 -41 -3 -23 51 14 
-2 -36 34 70 99 -50 38 -37 51 46 40 -14 -29 -19 -33 3 59 -14 2 48 67 92 88 -36 97 0 35 5 79 70 47 72 85 60 92 -2 -47 -40 -38 -9 -25 -13 24 91 69 37 -48 80 34 16 -26 7 28 -19 67 -4 25 -17 8 
7 -47 44 -35 -34 -36 40 -24 46 49 41 -49 77 -30 93 41 -17 56 98 -15 7 -38 -1 13 -44 9 42 11 56 69 -32 -44 13 -5 -17 23 7 48 59 77 83 -39 -16 34 60 76 96 -29 -19 68 38 31 76 66 -44 30 80 38 -5 
22 34 -29 65 24 89 87 -37 5 -1 -6 48 95 54 -32 60 95 -37 26 18 -41 -34 62 83 11 -45 64 42 97 -8 30 -26 -20 15 57 17 28 99 4 3 33 -15 11 87 -7 26 5 -11 -20 13 32 -22 82 -48 -7 -6 15 -11 -18 
-27 -1 67 -11 11 22 33 67 68 54 -16 27 44 99 83 26 77 46 93 92 -33 89 35 3 7 11 -27 94 80 25 22 -44 -35 27 30 -5 61 22 -9 66 60 75 87 -50 41 64 11 -34 9 57 80 78 66 61 14 37 -24 58 48 
42 47 96 -2 19 -46 58 21 40 -37 44 71 91 -37 76 50 75 -48 93 11 20 26 66 -46 -28 -40 -15 65 57 -47 48 4 42 71 -23 45 11 53 83 55 1 -7 -19 87 81 -14 39 -27 -23 52 81 67 -33 -27 21 -40 48 -43 56 
25 23 -15 10 -25 -14 52 91 -10 46 26 -6 15 -21 -25 -29 83 33 -15 61 31 -5 65 -35 52 89 -11 -48 -41 79 12 81 18 3 -40 78 7 91 68 -2 38 -4 -34 -5 13 75 -22 47 98 62 17 52 -19 -18 26 6 -45 -10 18 
-2 24 41 -46 71 -1 9 -38 63 -18 92 -33 87 95 -44 39 -3 -6 -34 19 49 0 76 72 2 85 44 13 -49 94 92 -7 -24 42 73 38 21 55 98 81 -22 -28 -27 -4 42 10 -23 2 84 -8 -28 60 -27 -28 47 37 20 17 72 
96 -3 89 87 44 69 11 11 53 7 99 27 16 23 -6 -20 -3 30 -17 -11 -23 -16 84 -46 -2 95 -5 5 15 68 -36 38 55 74 66 38 26 -13 57 95 81 77 -34 -19 3 51 2 6 -23 52 72 35 59 6 37 -45 45 97 -21 
-18 48 -30 83 -15 -1 4 -7 -47 -32 60 89 -31 -6 -21 4 12 50 79 36 -10 67 29 85 -47 98 95 39 14 -33 29 86 -21 65 33 -7 -10 2 5 -26 -39 -3 -19 -26 30 14 70 83 67 -22 -12 -30 95 7 -6 19 -17 47 21 
69 -4 -6 -47 86 95 -37 76 -26 -10 71 -32 24 -34 92 34 83 72 77 -4 -15 43 -38 47 21 -48 -22 90 93 14 81 66 32 27 -7 42 -22 80 12 73 91 95 93 -18 81 41 50 21 12 10 64 -10 -3 81 -43 14 -45 95 6 
31 17 69 66 96 5 65 36 40 2 94 86 -34 -1 -46 66 -43 -24 3 93 -12 9 68 -45 -29 2 19 29 91 -12 35 54 60 50 -37 -36 90 -9 21 0 66 8 97 98 -14 6 97 52 21 -44 2 6 -43 1 -47 -47 -36 -30 96 
10 11 33 62 86 78 70 95 -10 0 -27 49 76 61 48 46 91 -50 17 80 -23 28 89 -32 76 72 79 50 5 61 56 -24 93 79 44 35 -46 -7 25 -22 14 -15 -47 4 -34 97 41 9 27 82 -39 -42 73 87 25 93 48 -18 -9 
66 47 23 84 -44 -42 -41 11 26 28 37 -14 98 62 40 21 99 -36 -14 70 8 20 47 71 -31 -40 27 53 28 48 0 -10 1 3 -13 -15 -44 30 24 78 -8 -15 -11 -50 -5 -2 16 81 92 99 86 5 -11 -9 13 -20 15 -24 65 
89 54 -23 41 -20 5 -21 -34 8 23 4 -21 93 99 68 19 41 -1 5 57 38 87 -24 -44 26 33 39 -32 -21 -34 -28 -41 91 1 93 -38 65 -2 80 43 -49 -27 44 94 97 -2 -29 92 16 70 4 65 70 -7 53 -45 56 -10 71 
-38 -31 68 17 96 -7 35 46 54 56 56 34 -21 0 84 79 62 -49 81 -16 81 60 62 40 8 51 20 -35 -9 -42 62 -20 -49 54 80 -21 71 18 58 46 57 63 84 86 27 25 -42 -26 32 29 38 16 49 96 -29 -7 70 -31 69 
86 42 -49 68 -28 30 -47 53 46 15 52 17 89 65 71 24 -45 -35 -7 91 -49 7 2 1 74 16 -25 29 -29 -48 22 -16 28 -44 83 48 -38 -9 -11 -21 36 -29 49 -36 -41 86 76 87 45 54 47 2 57 28 3 75 30 -40 -4 
92 35 -47 -35 39 -28 19 92 -39 -18 25 36 29 36 38 -43 99 13 -12 87 95 3 -30 -19 16 7 39 91 49 -6 99 -30 35 -5 -38 12 -39 -27 22 16 -48 10 5 75 -38 73 16 -33 22 52 18 65 71 21 27 21 38 80 38 
42 49 88 49 -18 28 96 46 -35 65 90 -46 32 10 7 4 80 30 -25 26 -6 69 2 -13 63 73 51 90 -46 -35 39 17 4 93 83 -25 90 -14 83 54 -26 56 65 1 92 -29 85 -14 30 -12 14 4 36 86 -37 60 10 -9 99 
12 78 88 9 -40 43 72 91 -37 32 74 67 -11 72 -41 -37 77 -26 70 60 70 96 34 -29 36 -28 89 68 14 -50 -15 -21 16 -24 -47 -36 74 79 41 -41 13 46 7 -28 -5 -28 -22 48 64 -27 -45 -5 -48 -49 28 91 51 -43 12 
-15 66 68 -33 -35 97 -9 -45 14 61 -49 -32 78 -39 97 60 -29 39 -43 41 70 14 25 63 88 86 -34 8 -11 22 -26 12 -22 14 46 40 -21 81 -30 -48 94 23 69 -48 -30 -32 84 8 40 90 99 97 17 90 69 31 18 -17 -36 
-46 -20 15 56 -22 16 43 60 -20 34 -30 -3 31 19 91 26 -34 21 39 -40 -23 -44 4 25 -13 83 86 -37 75 28 49 28 60 -2 -46 -41 5 19 6 -32 12 20 1 85 -35 0 -25 49 -40 -46 10 -50 33 82 62 71 33 95 69 
-13 59 22 -14 82 -14 -47 61 15 18 -28 15 -14 8 36 24 64 52 -28 -26 95 92 13 75 -16 76 60 -43 51 95 -16 30 12 56 11 -45 9 93 -20 83 -32 80 -8 26 6 -7 8 22 60 -38 -2 34 -31 -20 -18 28 79 -23 68 
39 1 23 67 74 26 97 71 15 -15 -23 -43 45 71 21 30 -27 37 -27 -20 -45 43 85 -45 77 -38 15 2 76 17 -15 -14 -3 51 47 76 24 48 -48 5 88 -31 72 -49 -10 -34 56 -15 47 44 -31 26 76 73 12 -6 75 31 -24 
0 37 13 24 78 40 61 -13 -17 93 -35 2 84 52 69 58 22 93 -5 -5 67 67 51 80 41 58 4 35 -41 69 6 15 74 88 31 5 30 56 23 55 -20 57 71 4 -48 13 17 92 95 58 13 91 33 -45 31 -4 54 -3 48 
29 72 33 68 -14 85 90 23 -50 -47 77 -35 -45 66 23 62 39 -3 30 6 28 50 88 -21 -26 13 54 44 5 27 53 87 29 -29 36 14 62 82 75 -20 -17 98 41 -7 91 40 -33 86 -35 72 33 -9 99 -33 -15 9 2 81 54 
28 -1 -34 31 18 50 -36 1 4 60 -49 44 -23 47 26 49 18 31 -49 49 85 2 21 98 34 -6 12 54 12 -21 59 26 -17 -29 91 16 54 -24 -14 69 -46 98 -32 -46 47 73 1 -36 55 42 -44 7 61 -3 15 82 57 94 30 
27 15 64 -35 71 1 86 38 14 95 -21 66 -39 69 -5 91 -1 28 46 49 -47 46 72 36 -45 25 -12 63 40 16 91 45 95 16 -40 94 41 -17 -37 -45 90 -9 75 3 -29 -35 85 -48 13 17 89 23 94 -29 83 83 22 70 40 
-7 22 -23 21 87 -6 84 -43 25 -39 22 45 -26 9 41 41 -25 8 43 90 73 87 91 98 83 -18 62 -43 -3 50 -21 80 33 -30 53 25 -16 26 -13 51 87 59 30 51 49 -15 96 13 -39 -27 56 47 -6 30 23 -34 13 39 -41 
15 66 85 33 53 82 44 89 -10 72 -48 91 -15 38 95 -43 79 -37 -10 97 39 -12 8 30 42 -33 3 3 -47 31 -28 3 -5 0 17 -42 88 -45 72 7 78 -5 -30 -11 23 -47 45 39 85 -25 6 56 3 46 86 21 -49 19 27 
18 34 34 47 37 92 61 -40 52 -21 72 45 58 8 49 28 80 24 97 77 61 13 36 44 80 40 -39 52 -49 -12 -10 67 -23 73 25 72 -24 64 -29 -43 -49 35 -38 61 38 -5 37 5 76 -47 61 29 18 92 83 7 3 26 45 
6 45 46 70 52 -22 -21 -32 97 -4 37 26 21 94 -33 -38 83 59 11 62 18 54 23 48 87 -36 80 65 38 20 53 48 -29 -20 -6 23 20 21 19 39 -17 76 -2 92 -26 25 19 28 30 16 -23 63 82 39 36 15 -38 -36 78 
-28 4 82 95 70 26 73 18 96 89 2 47 -21 88 -14 63 91 79 23 71 5 87 6 -4 -49 -42 5 25 15 -42 -45 -10 54 -4 37 13 9 22 91 -21 78 -16 -16 -14 -41 14 59 6 36 -22 90 47 43 97 -40 52 -33 84 52 
45 -41 0 -47 67 -15 68 21 72 3 11 -7 70 6 31 19 37 25 3 13 51 -5 3 -29 68 97 -9 82 -47 47 36 77 -16 74 37 -24 -21 27 55 -24 61 -50 -37 17 66 -23 35 57 8 -42 76 11 -31 72 0 13 62 -49 56 
61 3 45 23 88 -41 94 38 -24 -2 92 -26 59 80 -49 -4 34 -44 -29 84 -4 61 -31 74 -40 27 28 53 43 78 -3 74 63 94 44 41 34 73 91 77 -9 70 -30 69 -39 7 29 -29 64 91 -30 -48 -24 -47 -23 -5 61 -13 -17 
71 58 57 68 83 88 89 -19 -47 33 -1 -38 -49 58 -50 92 69 95 72 -48 -15 23 -46 69 50 43 -10 45 -46 83 68 63 81 72 96 88 -44 -40 1 31 22 13 68 10 -50 68 60 41 76 44 -9 81 53 79 12 7 87 -45 65 
36 89 -36 -26 -32 72 68 -29 -15 -37 -9 61 2 4 49 -17 -37 -6 -33 24 19 97 -13 77 78 -10 64 87 -4 40 -45 17 -12 61 92 59 9 1 17 89 15 86 -43 90 5 46 49 36 76 52 10 25 35 44 -3 67 53 43 67 
81 -49 -6 86 5 67 44 45 82 86 58 -11 66 -6 7 -46 -46 81 86 86 64 13 57 61 84 84 20 -27 55 29 98 67 -12 80 65 22 74 85 -5 -14 52 37 91 85 -11 72 17 72 54 22 -21 -39 -25 39 51 23 20 -25 53 
-27 -16 22 97 35 37 20 -47 26 88 92 84 69 44 17 58 59 92 30 90 82 -14 52 11 65 -20 -38 -15 -7 83 -40 50 87 6 64 -5 -4 -1 -24 -44 -9 -7 40 -36 43 -9 -2 -17 62 -8 -8 64 -8 77 51 -12 -22 60 17 
48 -7 24 47 -37 -26 16 68 -32 21 -25 52 56 -5 97 -50 -11 89 73 33 -44 81 90 12 88 -9 46 30 27 21 25 56 11 28 70 -31 -8 49 -5 71 -49 97 1 -32 65 12 28 -9 75 -14 46 -37 38 -44 -12 61 92 -2 20 
-37 -21 69 -30 -21 23 86 60 87 2 -35 34 79 7 46 -25 -38 -20 -24 -7 -11 44 -13 66 7 11 -3 29 -30 76 -34 78 69 56 22 -15 92 6 -18 57 -34 6 55 62 69 20 65 -43 23 53 70 85 88 -26 58 18 -46 -27 0 
-4 41 -50 40 1 52 76 -10 54 92 -19 77 6 45 20 74 73 79 82 71 6 91 49 -26 13 64 66 17 92 -43 35 -48 66 66 91 -28 32 -44 -11 15 76 51 14 33 -3 39 24 9 -15 38 55 5 5 39 -21 86 73 52 51 
17 49 -21 38 -31 -1 95 42 -38 86 -3 -7 12 78 9 15 82 -50 87 -44 -3 -21 10 92 63 -37 -10 56 68 71 -38 78 -32 45 -14 95 97 8 43 -47 27 -17 -23 58 83 63 16 63 66 21 -35 87 84 -39 19 2 86 93 72 
36 55 99 31 -35 -32 -9 4 -37 -32 88 39 16 -26 20 7 25 25 -3 -33 52 25 12 -18 -5 47 -31 -1 -45 -46 42 12 -10 2 36 96 -19 -45 65 -31 7 31 5 96 13 57 70 -12 86 80 18 94 51 90 75 36 95 99 -14 
56 -11 97 -43 0 -17 92 24 -50 23 20 -22 45 60 -23 12 96 -49 -41 32 76 -41 1 -10 67 64 10 -37 -41 87 21 -49 -14 51 42 5 54 67 -44 23 95 -25 -38 66 75 24 -3 67 -26 -1 -17 -6 -50 94 66 69 73 37 47 
97 21 41 28 93 22 -46 -41 -26 8 -39 0 -47 -10 -34 51 58 92 76 13 25 -10 -29 45 16 -2 -9 -23 -6 36 2 17 22 46 73 46 -30 -10 31 -23 31 11 56 74 35 54 -7 62 14 -23 4 76 53 99 -19 86 97 30 -42 
-39 7 5 82 26 -49 -1 26 25 -35 -46 11 -47 81 61 39 -6 21 48 37 -31 46 95 -24 -33 87 4 94 -20 -12 -30 33 -27 -42 83 85 35 78 84 -49 24 54 -31 -25 -34 20 47 -27 29 38 90 -2 31 60 45 17 -41 -48 -34 
94 8 -9 -7 99 62 -16 55 42 2 82 7 82 50 -46 19 53 -21 24 70 18 45 -19 84 81 -12 -24 -19 -20 8 46 -20 38 39 12 63 96 88 19 7 78 60 -7 -50 53 46 25 50 65 67 11 84 33 -42 -43 -39 16 -35 95 
95 23 -18 -47 31 -13 74 -31 -25 -4 58 29 -27 80 56 69 36 48 93 39 8 67 38 54 89 -46 51 57 37 19 90 68 41 6 -27 1 -18 43 -33 -44 70 -33 99 71 -5 97 0 41 27 77 77 92 -7 99 64 -28 26 85 69 
53 9 94 -39 22 61 87 -9 0 63 -49 49 -4 -40 48 21 80 58 66 57 83 92 -24 84 49 -24 -44 26 58 -36 -13 -42 65 69 57 83 -9 84 -49 16 10 -22 53 12 2 -45 89 -5 40 -19 -19 -46 14 19 64 -43 17 -34 -14 
69 21 -20 32 37 -47 4 -7 31 93 42 -21 38 -3 19 56 89 -3 34 79 14 49 -49 71 -15 74 60 82 88 -33 98 -23 82 -22 85 -35 -13 -25 -19 96 25 77 -50 84 -2 58 97 1 47 -47 -17 -18 10 14 14 -3 -3 -47 34 
44 -49 -34 -15 -10 -39 78 -21 -35 26 4 -17 13 90 -13 -12 -13 22 53 47 -13 -12 27 -13 45 -41 74 83 14 69 27 -5 18 88 -35 99 82 -14 -8 65 97 92 -42 60 99 -32 -18 96 82 16 11 -29 31 15 60 96 96 53 33 
-37 -46 83 48 48 6 -43 61 57 -23 -11 26 64 13 82 -19 -41 -8 54 70 -47 -30 31 0 -23 -35 88 -31 6 -45 40 61 -43 73 65 61 -31 -40 -40 85 23 -8 6 87 1 13 -5 -15 4 12 56 -34 45 30 -23 95 56 84 -3 
33 67 28 11 -50 -43 79 76 69 -12 5 82 56 92 85 46 -17 61 69 28 26 5 -6 -41 77 39 2 33 23 32 -13 -29 61 56 35 -17 17 -10 22 38 -14 53 13 68 -38 15 97 -20 -24 12 10 35 80 -18 87 49 9 1 85 
89 62 -20 12 -11 73 54 0 62 -19 47 -1 85 -4 -21 -31 72 85 -16 -11 21 33 77 -21 16 -48 15 35 88 91 90 68 -50 69 -25 75 96 79 8 72 35 89 54 -28 -24 4 14 6 -36 86 -8 -18 -50 -43 79 79 4 4 69 
27 80 -4 32 9 64 -17 -46 39 77 7 95 -6 63 -10 23 14 61 53 32 57 0 90 95 79 84 -11 69 -35 25 -49 -44 25 96 89 -47 12 18 -40 59 8 60 -31 -13 18 92 88 -13 -19 -49 75 -29 -23 9 17 -24 98 65 -48 
8 34 82 47 67 80 14 60 -3 -34 62 -28 72 27 44 73 35 -33 10 59 -1 57 89 58 3 69 87 -33 -40 41 70 61 78 3 -23 -12 -46 -4 -22 -50 -17 65 41 2 7 49 28 -46 75 84 48 19 -20 33 21 36 -44 80 -8 
