72
43 28 -11 -33 -37 47 -3 25 30 87 16 -39 30 -2 50 35 88 43 57 -1 -10 54 2 -44 -47 74 58 -33 -23 -40 -43 72 35 34 96 0 -17 -21 4 -23 -13 16 -8 45 5 -33 -22 -46 -8 12 8 -9 17 50 61 52 18 31 50 44 13 -13 84 -16 74 68 30 12 14 -3 -46 -11 
49 20 -23 -27 35 76 0 68 -19 8 83 -8 14 49 -36 89 62 56 70 57 21 82 67 37 56 28 -16 11 -36 -49 96 86 26 -34 89 34 54 -48 46 -28 87 -27 84 75 0 43 -40 32 -22 -7 -21 47 38 70 9 42 62 15 -2 -38 -11 50 32 -21 0 69 63 22 74 36 79 12 
93 -15 -24 3 21 15 -15 -31 -33 61 -7 -38 -27 83 -18 65 -24 3 90 42 -47 65 13 54 64 5 -46 42 -20 2 6 37 6 8 72 80 87 5 55 13 -21 17 77 7 35 13 -10 -45 -14 8 19 98 -20 -2 86 52 42 86 46 9 36 68 -4 1 97 -42 26 82 -19 39 68 -33 
69 60 18 13 -18 -7 77 30 -8 -1 -4 -8 47 -26 60 58 6 81 18 91 -23 -31 42 60 -17 53 80 15 48 20 -34 -28 37 58 -39 -6 5 99 -7 78 80 -41 5 -9 11 -32 -11 -18 12 70 79 61 85 81 36 31 11 -43 60 24 -44 26 55 77 70 -27 67 -45 -21 -15 22 -33 
86 12 95 -39 -42 -50 16 69 -10 86 99 37 94 27 -34 4 84 52 66 -19 -24 33 -39 -15 56 74 -10 -18 4 -37 -36 70 87 20 -28 16 14 -48 -7 92 -4 24 8 -13 30 62 25 -31 -5 8 -3 78 -24 8 5 39 -20 -36 22 92 58 1 76 -45 97 -44 94 92 -23 8 -30 99 
15 -11 39 -20 -34 -43 38 19 -26 17 57 97 58 82 -16 76 36 4 61 33 81 28 -40 -40 18 58 64 -39 31 53 -6 17 -27 33 -23 0 1 76 29 39 40 79 91 54 4 84 -16 28 -12 -45 -20 -50 59 -45 -46 40 19 32 33 70 -41 -49 -1 -27 -38 -32 -27 70 26 -22 97 1 
56 -37 -50 10 50 52 -39 -24 36 79 18 -45 57 78 -27 91 -47 68 38 76 -35 57 -17 9 -50 -45 61 53 -17 -28 62 16 25 -29 -38 20 58 81 -39 -26 93 61 -29 40 87 99 43 48 9 -20 -24 -11 50 -24 45 87 65 73 79 63 -4 87 54 76 65 97 -49 62 -48 55 74 -28 
4 -50 48 24 55 22 3 87 70 44 91 -6 35 -3 -1 35 8 42 59 -12 94 50 32 3 76 58 97 36 -12 49 93 37 15 11 4 83 -25 8 64 92 52 12 -48 -24 -39 26 -43 -40 91 80 -10 86 -32 82 98 -23 59 22 43 -17 15 45 38 31 -8 -38 62 15 67 92 44 -41 
56 45 83 70 32 -10 28 -17 31 39 32 69 88 -41 63 -44 15 34 78 68 80 3 -24 -2 -30 17 12 82 85 98 68 10 46 -26 19 83 -31 -13 -13 47 17 13 -33 -50 22 -33 54 -46 -9 27 17 50 -50 8 -44 81 -8 13 91 -38 15 -30 35 4 2 -50 -42 65 45 70 32 35 
-48 -15 81 -23 40 92 38 98 29 44 79 -10 80 81 -31 94 39 -18 20 -12 16 14 -32 70 18 -11 66 -19 84 83 38 0 -3 25 20 -16 19 -42 79 97 31 -19 -24 -41 5 98 63 96 -25 71 -23 73 29 72 48 -25 26 17 50 -49 -30 -22 -49 97 61 7 13 43 13 -50 89 43 
89 42 -39 -41 41 54 11 -12 91 -4 43 -38 50 68 28 -36 37 73 16 87 -9 -3 42 41 75 21 49 -8 64 73 15 45 -4 22 60 -50 7 96 56 -1 11 26 -48 -43 36 88 56 43 -29 -17 -26 6 38 -11 60 89 -49 57 74 95 1 -25 94 -43 75 98 12 -35 -37 34 -43 89 
95 34 75 74 56 42 54 70 96 -39 -13 -4 79 83 64 -3 20 -48 -45 -3 96 15 63 79 25 -18 21 75 87 -37 -5 -25 32 -20 57 78 4 -34 64 -35 84 42 -39 73 -48 -36 -33 29 46 -33 -31 -11 -43 79 2 -20 66 -45 -1 62 25 -39 43 91 -17 68 -2 -50 -18 -29 82 99 
74 64 51 -45 18 68 0 89 27 56 72 36 2 28 69 63 86 56 -10 58 80 10 -4 50 45 56 67 -11 -28 35 18 60 -47 39 -21 19 -34 96 73 -1 -24 25 43 31 58 56 -3 48 18 38 -36 96 -48 -2 47 -28 88 -39 7 51 22 -22 53 58 -43 36 -7 16 -35 70 -29 82 
98 54 41 -31 28 33 87 -1 -26 31 -13 -24 12 79 -4 -43 45 -29 83 -36 24 92 30 -18 89 -18 89 68 9 27 -15 -35 3 30 57 20 19 -30 76 82 57 -15 6 28 46 -44 58 94 40 53 59 -43 -42 47 -30 68 -33 70 58 -16 34 9 77 47 -38 42 76 -29 59 -44 -25 39 
54 -30 99 -9 -9 -21 39 -14 -20 42 11 -17 82 43 -40 72 -39 -40 67 23 76 31 93 90 -32 95 89 8 -19 28 -48 48 21 78 21 51 94 37 -20 63 -47 72 25 -21 82 83 -25 28 29 71 60 -13 70 76 -5 -3 -24 86 12 -45 72 -38 15 -6 70 60 63 73 -33 79 11 46 
57 33 30 85 -11 -24 -34 36 90 -41 26 19 -30 80 5 18 90 19 -2 -36 -24 30 43 71 70 13 28 67 80 90 -2 -28 16 62 10 35 54 58 97 55 -19 3 -28 -38 -4 79 15 -39 94 3 86 -7 32 84 -21 -27 -32 -40 67 58 75 -2 6 70 -14 5 69 22 -8 -13 7 -3 
49 74 41 -31 40 50 -33 -27 39 -17 -41 87 76 -17 86 5 86 89 -25 36 50 -14 1 70 -24 -40 -5 -29 14 -2 -43 30 34 0 47 -27 40 97 15 -38 40 72 1 31 75 -46 -41 60 91 -27 4 -16 57 2 26 1 64 -10 15 -25 52 88 38 73 60 96 40 11 81 -23 57 54 
21 8 40 79 -3 -14 28 92 -7 -15 49 51 34 52 56 33 -42 32 54 4 28 24 82 37 -5 52 -18 -31 37 82 -3 8 61 88 -9 17 48 72 72 66 38 60 98 -10 28 53 -13 -6 98 77 72 65 -21 -4 89 17 72 21 76 -15 14 72 39 88 66 -11 -1 31 -46 -37 75 47 
96 26 93 57 -29 60 -14 78 75 0 89 -1 -7 53 86 57 -17 92 -33 23 42 -4 17 99 71 -35 -3 64 59 57 12 25 -4 -36 70 -23 47 -3 37 41 37 1 -18 10 74 5 -22 -19 42 89 -5 -5 90 -32 -6 71 -46 73 -2 12 -22 10 45 21 3 -36 93 87 97 25 -2 -48 
24 74 17 91 85 56 -11 -29 17 25 -38 -9 48 -32 13 49 -9 43 57 -44 11 4 9 91 -47 28 10 12 17 75 76 -6 -44 97 58 9 -40 -16 17 14 -26 -12 23 -44 44 -4 -32 92 -2 -47 37 46 63 50 -19 53 74 -27 -30 91 65 20 -7 -16 -6 19 -34 -3 56 46 71 -43 
36 -1 -27 42 44 41 18 -40 50 85 90 8 82 -36 75 32 23 56 46 39 37 39 71 11 97 -36 7 63 79 -14 96 7 98 -21 -41 -18 61 65 -42 -38 71 99 70 36 -29 -17 77 5 93 14 48 61 13 -37 82 -2 68 42 61 -8 64 -5 86 44 7 89 94 36 84 65 84 -40 
-25 -6 4 -22 84 66 49 81 42 -8 30 36 10 9 32 -41 -16 -40 19 -23 94 45 39 72 83 83 21 46 -30 -21 50 -6 22 53 94 25 36 -23 94 34 -24 40 8 -17 -14 -22 27 -50 25 -39 82 -25 83 -26 33 26 -3 -41 -5 48 -24 -36 -26 -14 -38 94 79 58 -43 -29 -47 86 
-9 -26 -40 80 -32 -16 18 -43 -38 47 61 28 -18 27 73 59 82 8 7 91 -30 50 35 -36 -25 -38 -49 65 60 18 -18 68 75 9 1 57 36 99 -49 1 -6 -48 47 -11 0 35 -37 92 49 72 21 87 3 26 -9 26 21 -2 -43 -43 64 19 82 21 -13 73 -10 12 88 17 -20 59 
-27 22 2 -21 59 -47 5 -27 74 -23 -2 17 75 79 49 96 42 81 54 77 49 -34 48 48 32 62 15 94 83 23 94 2 70 -3 68 21 87 55 13 98 63 -40 -50 85 45 -22 -29 19 -10 9 99 81 10 -32 -27 -8 -22 -2 -33 98 58 -45 78 4 88 -43 1 24 -3 87 -8 68 
28 39 -31 -8 -40 4 -37 19 44 94 54 46 98 93 72 67 87 -4 38 55 -50 27 6 86 -42 13 -23 49 24 13 -7 -7 -25 -38 54 52 -11 46 58 -28 18 48 49 -40 59 71 51 68 35 61 -4 71 -47 17 9 -6 -8 41 -27 39 -49 63 -46 -35 20 33 48 8 5 13 67 -3 
-11 45 94 81 -42 88 -6 69 87 -21 99 -40 52 56 83 -46 56 69 63 78 -34 35 76 96 51 49 16 86 -3 75 -23 -28 -14 40 -16 58 64 -35 92 0 -22 53 -8 12 59 -25 -25 9 45 -5 96 37 48 95 38 77 -43 1 35 96 -23 67 46 24 10 30 41 48 -1 99 54 -25 
13 82 -5 29 50 27 28 -24 99 -3 38 68 73 -11 5 85 43 54 12 73 4 -47 84 65 85 85 -30 46 28 91 -36 22 56 21 72 4 18 90 47 -46 66 80 -40 -18 59 32 -14 73 43 60 -43 -48 44 12 -34 84 51 83 43 -42 -25 56 -22 81 33 86 60 25 31 -41 79 42 
49 26 18 17 26 -8 75 22 85 7 93 4 80 -6 50 -12 -21 2 -14 -30 81 45 13 37 42 53 25 96 52 -4 -48 30 95 48 14 40 -37 38 -5 -29 54 68 -22 71 -27 -13 58 43 -16 -2 25 -44 -5 -25 68 88 81 57 -18 74 -41 22 78 91 -32 -44 37 -18 83 16 94 50 
18 -5 -35 -39 -21 -19 18 2 38 97 -26 39 31 92 91 -37 -20 72 24 -40 99 39 7 90 48 -28 -13 -22 82 51 -20 10 63 14 4 65 7 46 98 -7 -36 -15 97 -35 99 0 13 45 -4 -23 15 10 82 -5 29 77 -30 -18 77 63 -28 81 84 24 -50 -44 23 29 -44 20 -45 -7 
56 47 29 35 49 -23 60 -13 98 -30 42 60 -16 26 29 44 48 66 28 27 5 -16 82 91 -45 -24 90 40 28 31 -20 -32 91 29 15 86 -32 92 -3 59 4 67 93 31 -10 91 65 27 23 -12 23 -23 9 52 11 -21 40 -5 88 -5 92 64 22 25 55 67 -36 29 21 81 17 25 
20 23 32 70 36 90 18 55 -31 77 -45 86 46 12 18 -4 54 7 -26 51 17 -24 -23 16 20 49 93 -44 79 43 59 18 99 73 -35 15 -42 -31 -48 -48 42 -49 90 -28 -48 90 -1 -44 -18 96 69 -9 -46 -39 -1 11 19 43 38 -38 17 92 32 48 62 81 -28 82 -12 4 43 -17 
-5 70 40 69 90 -35 37 -21 -8 -11 -28 -17 76 74 68 60 33 37 -33 59 4 2 83 8 6 -21 93 15 -9 91 81 -25 -30 66 -13 -35 46 77 18 89 -44 33 98 84 25 29 2 -9 38 37 -48 71 -35 50 85 42 59 70 58 7 -37 70 56 35 -14 10 -11 16 78 16 10 18 
-30 -43 57 70 88 -16 25 19 65 -4 17 82 2 -26 71 30 -23 -3 3 89 23 -33 26 -30 -9 -32 15 61 64 93 93 23 20 -20 -34 77 -42 12 92 -43 97 -2 21 -14 57 8 16 -22 16 19 -33 -11 -18 -3 66 53 -35 -23 -25 78 1 41 -27 50 0 52 -14 95 64 95 34 40 
4 68 49 8 69 62 -19 86 36 49 60 70 44 36 43 -5 57 15 84 16 93 32 -4 -42 89 -26 49 -4 -28 3 -29 -25 99 86 89 -46 -48 18 -33 17 83 48 9 -6 47 96 34 64 -29 -35 62 72 72 -37 44 -5 -4 -28 -24 -29 -16 -19 -26 67 60 84 -10 31 22 -6 -37 9 
2 57 98 0 -29 41 43 90 15 68 -44 8 47 39 -4 -26 -36 92 42 55 66 76 82 -30 82 -44 -30 16 -31 59 -4 31 41 -15 71 26 15 -47 41 53 4 -35 5 38 18 -50 15 95 26 88 -44 58 3 86 78 -42 78 -14 -8 -30 78 95 20 -11 68 20 35 83 31 80 98 48 
-15 24 54 30 -20 -1 37 -12 -4 43 77 24 44 86 8 4 71 83 98 85 -4 -3 32 -36 -30 -24 31 51 62 85 23 -19 74 60 86 10 51 65 -14 -22 23 48 51 99 57 83 59 48 -31 -30 -10 5 12 73 -48 -49 6 5 -4 48 70 -17 23 -33 90 58 55 8 -8 58 8 35 
49 -4 -14 79 10 64 16 85 7 80 43 96 -42 36 -46 1 57 65 92 48 -38 49 1 -28 90 70 3 14 -41 -11 96 -39 67 34 94 15 21 10 37 25 -16 71 33 2 68 -22 -30 -31 -37 22 59 -14 -25 41 28 68 82 -46 -10 92 33 49 74 -50 -17 -38 -33 95 47 -12 -14 50 
-11 -14 -3 11 63 -50 45 2 4 83 10 -50 -24 60 92 16 86 73 55 98 65 -22 18 -10 72 -36 64 9 -35 -50 94 42 92 -35 33 85 -27 -46 75 -49 -4 -26 40 81 -21 37 84 -34 -8 -9 61 88 -26 3 -45 -20 33 33 -19 38 60 69 40 -21 -44 68 39 41 67 -44 -49 50 
21 38 57 37 79 -30 79 -17 80 -12 36 56 87 -46 84 -14 72 62 -50 4 -15 20 37 -12 43 92 93 21 94 57 82 32 32 28 24 -50 -42 34 -8 93 34 31 23 -31 84 48 -15 -8 64 1 17 34 3 -24 -48 -49 96 30 -29 3 -37 -32 18 59 -13 -12 11 -45 4 -28 70 -30 
83 39 -33 70 31 -44 -34 99 37 12 -26 76 13 43 -47 74 44 -18 38 -9 -43 -31 -28 35 12 8 12 34 73 72 54 40 -31 -24 45 -7 56 -6 -20 -46 4 -37 38 -25 -27 16 91 48 60 4 -26 42 -2 31 86 -32 48 26 34 83 -27 87 48 38 -25 -26 30 96 9 62 -42 38 
75 -48 68 66 83 56 44 34 16 18 -19 81 -10 -34 97 29 31 -36 14 86 57 78 65 -32 -26 3 -15 -13 72 4 -41 5 62 13 61 32 28 -11 -42 -12 -3 76 40 73 -35 57 -39 39 46 83 26 -36 38 56 24 -24 79 -30 74 42 44 64 8 63 65 -10 -46 59 -45 -29 73 8 
29 -49 -46 87 -45 0 87 11 -37 33 44 27 99 -9 17 -12 32 -9 -21 20 -37 56 97 77 76 73 75 22 74 26 -29 75 57 -19 77 79 89 36 31 20 86 63 -42 -27 78 -7 -41 75 69 39 81 82 72 1 53 -32 88 43 -10 -26 98 97 95 -44 -9 98 40 -33 53 61 52 50 
32 20 99 95 99 98 -3 34 13 -19 33 0 47 57 61 8 40 -13 -42 50 36 9 -12 52 87 29 78 -2 63 70 78 -36 8 11 88 93 99 4 -22 40 94 60 -14 27 -21 6 -35 94 -28 36 -25 49 -25 46 -16 0 23 0 23 -24 22 38 40 85 -45 -45 34 23 25 78 30 -4 
6 14 91 94 4 -27 -28 -7 1 -20 78 21 -46 68 35 82 48 -16 59 48 45 -2 44 -6 58 -27 -10 17 92 25 71 97 -27 24 -12 93 77 57 54 -23 4 57 44 44 61 81 53 71 20 37 44 -25 25 -39 3 35 -36 76 -37 90 -50 -3 -13 25 -43 73 56 -12 -10 39 34 55 
84 47 31 76 65 93 88 81 37 16 61 4 -2 5 46 60 25 58 71 -32 73 -43 58 -17 81 15 -1 61 -30 -9 -4 -35 97 93 -21 -23 36 48 -31 43 -48 -35 38 87 -8 32 82 53 3 -16 75 -14 38 29 68 65 72 58 92 73 -49 27 -9 -17 -42 41 35 -43 -50 1 66 57 
35 -14 -17 -35 9 -37 83 -7 73 43 -31 -2 74 37 -10 -32 80 22 62 2 12 56 1 66 34 56 73 27 -4 -42 -29 27 4 1 71 21 90 -21 50 -42 37 15 13 3 98 -44 92 -19 59 27 -49 -19 -34 10 35 58 68 20 -38 48 75 44 12 52 64 -1 75 85 97 42 -3 29 
49 -20 -36 -43 -42 -36 -32 -19 -47 83 3 0 -45 2 72 -1 33 20 61 21 -43 12 54 -6 -34 -23 73 93 69 -8 19 95 0 -34 73 68 -2 59 -6 62 36 -42 38 -10 95 1 64 49 -13 -16 6 87 77 79 14 76 -12 -32 60 19 21 18 67 77 1 70 34 76 59 69 -31 -23 
49 49 71 48 91 26 13 -7 72 -33 92 -15 0 72 22 10 72 67 4 -33 -5 24 0 -28 13 56 84 21 63 -44 -10 54 49 34 -35 91 97 -42 -3 43 44 20 5 -21 80 87 26 -15 -50 -13 84 74 66 7 32 -45 66 88 33 64 84 -25 60 70 -18 -48 70 2 95 10 97 26 
-29 98 33 87 10 -11 39 42 -36 37 46 24 64 -41 -3 -29 68 87 20 43 79 7 43 1 21 53 99 90 17 31 67 -16 61 -32 80 78 58 -2 66 51 54 -29 94 -18 50 -43 -2 24 13 61 60 93 29 -17 26 80 57 35 24 78 91 1 97 20 -6 87 99 3 81 7 -32 82 
31 50 65 30 -48 47 -38 31 -20 -33 65 -21 -31 -13 68 56 83 -18 4 -30 -38 90 65 80 -32 71 55 56 62 -22 70 -48 23 -36 -42 77 37 15 84 4 -7 95 -4 95 78 -28 57 73 -25 47 94 35 67 20 77 -38 -8 -48 -43 59 22 35 74 -29 -4 -49 94 -24 -29 42 79 64 
23 -30 -6 -27 -33 58 63 -10 1 -15 91 92 73 94 38 -45 95 -17 82 15 96 -33 19 -34 34 -16 74 -17 90 -36 -44 -15 73 35 -40 12 -5 40 83 1 -30 -38 28 -23 -38 75 -10 -46 89 61 -16 -10 -50 36 95 5 48 39 -11 24 37 -17 73 -19 84 27 94 82 15 -31 60 1 
-15 6 29 99 -35 91 72 39 55 62 -43 20 95 63 71 -27 77 -22 75 -14 87 31 20 20 -5 -13 -50 47 92 -20 3 18 -37 -29 68 -44 -25 42 70 -37 -36 -1 46 53 -33 40 -25 3 16 79 -24 78 7 12 -37 -33 93 2 14 90 22 11 -16 12 82 43 23 2 23 -9 93 2 
22 0 23 68 10 20 51 5 -5 94 42 91 -43 33 -41 -16 16 83 51 -13 -43 38 18 30 65 -3 68 -22 96 -43 -46 82 62 -12 44 33 -36 -5 -8 9 61 68 10 -36 23 6 20 24 16 25 77 4 3 17 60 97 -44 -27 39 -14 34 57 -50 73 63 72 7 -20 -6 2 13 -25 
27 -35 11 55 -9 48 -42 -44 -23 18 46 79 -41 63 41 -20 97 -23 88 73 65 -12 25 94 -34 96 -49 -46 9 6 76 68 -36 72 79 21 82 29 -29 28 53 39 -13 57 -39 54 -30 2 59 31 92 83 44 53 57 57 99 72 96 95 12 45 -50 72 -22 84 -33 71 19 -37 45 -33 
-28 97 16 64 -27 81 49 85 38 40 70 -1 -28 37 96 11 -34 29 -49 -9 49 -47 53 -19 -5 -38 82 28 29 90 -48 90 -25 -31 -47 9 27 -38 53 82 37 86 -48 -11 60 35 85 70 5 -14 45 -18 90 96 33 68 54 81 -38 -40 -16 93 80 -23 79 -43 16 85 -43 -26 -7 -7 
15 -26 28 -26 2 38 94 54 -46 29 53 -11 -8 69 79 49 15 93 -22 43 24 46 57 53 43 64 -31 -18 -1 -40 22 93 -17 -34 31 88 66 -33 21 71 59 -43 48 41 77 90 41 54 72 72 46 6 28 -21 38 -21 42 -22 47 -39 -30 -35 68 47 -20 28 -3 74 66 81 -35 98 
-4 16 49 -45 52 2 -7 95 38 -13 88 4 -30 -18 -50 44 -26 44 38 -42 2 41 54 -29 -3 67 11 92 11 57 56 -15 7 -31 94 95 19 -16 60 -11 32 -7 91 13 20 -1 67 33 26 94 5 78 36 2 31 27 -33 -30 -3 -33 99 -5 -42 -29 25 -33 -46 96 -35 91 24 -24 
33 27 -14 60 38 90 80 12 25 -34 23 31 -41 33 -37 85 12 72 50 99 23 7 73 69 -23 -6 39 60 25 81 5 -23 51 99 -32 62 6 12 3 -33 -4 37 -14 98 -43 52 -39 -1 -37 -2 7 63 81 46 -46 -10 -14 21 -35 64 48 1 -9 81 15 -25 -47 -6 -36 -21 74 29 
68 63 86 43 77 -8 4 -13 -16 -19 14 84 52 92 45 -44 51 45 60 84 71 5 -4 56 33 56 -30 47 79 70 18 7 -49 -3 -3 -23 56 64 13 79 -45 53 63 19 55 -38 46 3 -9 63 -37 53 99 69 47 -15 -24 93 2 45 1 80 -49 -11 -46 21 68 22 20 24 90 -50 
14 -4 -9 -32 26 98 62 -45 -15 -3 67 -43 61 10 29 1 4 -2 77 13 74 -27 -25 87 -30 90 57 96 -28 -41 64 94 -10 5 30 93 2 81 -42 59 -40 90 -29 44 82 -30 -10 6 49 55 66 63 25 72 -20 86 81 35 10 40 28 49 -11 16 85 41 98 21 -7 -37 -28 -20 
33 34 79 77 -15 37 12 -7 95 9 -25 -49 -25 13 46 66 46 -9 47 -37 -15 21 55 45 -33 -29 7 38 33 -24 -21 -36 -8 -43 37 -13 19 41 83 38 -47 -47 51 60 77 -22 -14 42 -30 50 11 64 82 -12 -10 26 24 30 61 -20 63 97 73 33 -4 41 49 -31 5 22 56 52 
32 33 33 11 36 -9 99 0 3 -33 64 -18 14 -32 72 18 6 69 -9 -26 4 -14 -34 -20 17 81 -39 71 32 45 -48 -46 -1 14 -26 51 -35 82 -17 -49 -37 -48 -43 79 -38 -17 91 93 99 -10 65 71 59 -48 75 62 -6 67 11 -33 33 70 -2 -37 29 76 72 65 63 -9 48 -23 
-40 -35 97 87 78 33 47 88 86 41 69 16 54 78 65 56 33 34 80 -7 -21 84 -4 28 -13 38 92 35 -9 52 18 -10 26 -40 32 -32 6 -3 71 34 -48 45 35 -30 79 42 62 88 12 87 -13 -45 98 90 63 -18 -19 -42 82 41 99 66 47 57 -47 69 47 -49 -40 9 -2 -16 
98 62 41 46 21 -21 -21 80 80 36 -46 -4 85 82 13 90 34 62 -39 23 -5 3 -28 16 95 16 99 -28 15 64 -30 70 20 15 23 41 69 92 12 52 88 -17 29 9 26 51 30 28 59 -40 65 -42 79 27 -41 81 -32 69 38 50 13 -22 5 54 61 64 26 64 63 -3 -3 99 
9 37 -42 -30 70 -37 -38 12 48 67 85 -4 8 -23 1 -8 -42 -10 11 -46 82 92 25 -20 -5 92 -37 27 99 59 37 73 98 23 73 -42 81 17 1 -33 10 -24 15 41 16 8 -21 57 26 -24 -15 95 68 -3 -4 -38 51 23 4 26 -31 96 1 34 66 78 10 66 -21 80 81 28 
96 67 18 -32 43 23 41 -11 -45 -23 69 -37 83 -30 62 -31 94 -40 4 97 69 -20 89 20 85 93 34 -1 -18 89 -38 58 60 59 -46 -29 44 -5 -49 69 -42 0 -14 37 67 -12 80 45 3 -44 -10 69 99 22 51 60 -14 -7 54 2 9 -2 13 86 54 -33 -3 51 93 -36 -38 36 
-38 -30 -5 -31 87 32 -4 68 99 12 96 55 15 8 5 75 52 -15 30 18 -24 64 58 -34 26 18 9 28 78 -24 13 25 -14 79 93 -31 6 40 49 78 -1 48 72 -46 99 67 81 44 -50 -29 -46 -47 -46 8 51 25 -46 -13 72 82 42 21 33 -1 -39 33 32 72 63 81 -12 -46 
-28 91 35 96 87 65 -31 20 5 7 82 0 -18 -48 26 49 4 71 -23 -18 -25 -19 -6 12 6 -22 -5 69 47 37 2 8 95 -19 -41 -49 92 -18 -25 89 -26 -8 66 -14 -5 -7 72 5 85 -10 67 68 11 52 4 56 16 -5 54 -22 -48 -26 28 -24 30 23 56 57 5 51 38 -42 
6 -15 -18 21 20 50 3 -20 0 61 85 -5 74 82 -32 9 -1 -16 42 6 -35 -12 46 -49 -39 53 -26 56 2 28 78 -46 79 -19 -34 -16 50 -33 -18 61 71 17 68 63 83 -48 -17 -45 74 84 -29 70 60 4 98 20 6 8 56 28 -10 61 11 -41 76 65 -19 -6 4 -44 94 14 
74 -27 -37 45 88 37 35 -43 79 56 49 34 40 -48 36 -20 -18 52 82 -41 53 -33 10 29 -47 37 -15 68 57 72 12 82 44 -38 63 28 69 28 -15 -49 -13 -28 19 -10 90 69 94 91 -31 -27 -27 33 85 36 18 3 -23 77 78 35 -36 73 76 24 -50 99 86 11 50 95 -19 -39 
83 84 79 21 29 68 26 -23 91 48 66 30 42 -48 82 65 91 84 23 -45 -37 51 75 88 -16 -48 -34 71 -21 -26 69 87 55 83 90 27 41 36 7 23 72 -26 59 23 38 -46 -19 -9 6 -11 73 22 75 12 -3 36 -32 82 7 75 -49 68 89 24 56 -27 59 -22 76 -43 8 -46 
60 89 -7 57 -31 95 1 -23 -33 -31 -6 66 45 -34 -2 62 40 74 15 33 71 -38 68 19 -29 62 -34 31 -40 34 -42 17 -37 75 43 57 91 -47 -25 60 -16 35 -12 92 -18 -11 98 87 13 12 -3 10 3 -39 9 12 -28 6 36 68 -27 -10 70 -44 38 -15 54 67 -19 89 -15 7 
