55
-28 -30 -14 80 -20 95 -6 -3 -24 27 -13 -5 -24 40 27 -49 69 0 64 -47 55 -30 61 6 16 -4 29 -20 -49 -50 97 60 -45 -33 1 23 52 91 38 31 51 -45 16 27 53 5 -6 24 11 78 -48 18 -10 99 -45 
44 90 -29 65 41 -36 58 73 21 -11 -16 90 53 -35 70 10 43 24 89 24 63 28 37 -10 -7 10 1 74 -19 -35 38 -25 44 70 -1 -41 88 82 73 78 60 27 -9 -13 -24 32 75 4 -14 92 15 21 74 11 89 
92 -9 18 19 30 43 4 39 -23 -4 68 -2 17 -13 21 -7 -2 22 3 84 77 3 33 27 78 60 22 23 69 47 -13 85 -16 -7 -1 -27 -17 83 95 57 -38 36 -33 64 77 81 13 -22 55 15 10 0 30 -31 20 
-35 82 -2 -13 90 22 -48 -50 62 -39 71 25 99 -49 -16 36 -34 96 98 21 -2 75 31 22 94 98 86 44 9 -23 39 -15 25 85 98 28 -28 -32 54 44 46 9 -24 84 93 72 20 45 43 2 18 -28 29 -12 -12 
47 58 -16 18 45 11 65 -39 -3 42 -26 8 73 99 -17 54 -38 -29 40 -39 34 79 77 -25 63 -16 69 64 4 63 33 28 39 75 36 -31 -29 28 7 -33 5 -38 19 87 74 17 51 57 29 -19 87 -49 -31 68 14 
40 25 -46 -37 58 53 60 52 -48 -28 65 -30 12 -43 57 -46 95 -30 94 82 72 -27 40 30 34 0 60 -3 65 69 -26 -27 71 77 19 -11 -18 90 35 3 8 36 23 13 95 5 66 25 -31 91 -25 -32 39 23 27 
-19 85 90 10 -3 59 73 86 98 31 91 -34 -22 18 -12 49 -41 42 -47 -20 -8 21 56 30 -29 -45 -11 39 61 -43 93 34 -34 -42 60 21 6 -21 2 -38 -11 -4 9 -20 -15 -23 27 -22 65 85 96 -5 93 65 18 
-45 20 -12 76 38 67 -42 14 -23 -22 -8 52 -8 48 97 -26 91 40 80 39 -14 98 -27 -27 -34 50 -30 -20 39 50 16 33 -26 84 85 83 97 -15 82 -12 54 65 2 34 65 59 23 84 81 78 -44 10 52 34 2 
43 85 -46 -11 -28 65 70 -32 89 18 -40 33 -2 -16 -23 4 -5 8 -43 9 3 18 48 20 -44 -17 -33 -8 64 -28 85 -42 77 79 7 43 45 74 98 58 59 20 73 97 44 -45 33 52 82 60 1 -41 -3 54 43 
-28 28 92 89 38 37 -32 -50 97 -46 91 28 54 79 69 37 67 -43 35 -1 52 19 12 30 69 10 11 -33 9 35 -7 97 94 62 70 25 31 71 48 22 -4 -29 85 -16 -48 -11 -3 86 3 82 -21 37 39 -9 51 
83 35 -41 36 -28 -19 -48 94 -46 58 60 96 9 42 -18 78 -27 30 82 -30 -48 -5 -21 -1 7 38 -13 19 -24 47 82 -8 -15 15 20 -27 32 57 20 -5 -33 -39 -14 53 3 55 24 54 -1 22 -35 98 -28 22 71 
-24 8 0 96 2 -8 14 30 33 -11 -10 89 54 -5 78 50 36 0 -21 87 7 12 24 -39 64 -20 -49 -6 83 11 98 27 33 17 69 -9 90 13 69 85 72 47 -30 -15 21 47 -41 21 95 96 77 81 27 53 26 
39 -40 95 -42 -13 -7 67 23 60 95 83 81 42 39 -41 -43 11 0 83 -29 -31 39 54 6 57 33 -2 18 46 35 80 68 37 46 -13 48 66 22 29 37 60 83 87 45 22 60 74 5 18 90 19 -31 -5 -5 71 
61 -27 75 -3 -9 46 -30 82 78 -24 88 37 -16 -10 -5 80 61 70 -13 60 39 -33 15 45 -27 98 -5 15 -35 -44 73 33 43 -18 41 47 92 -15 12 -32 24 77 -37 -49 4 43 -6 38 31 -15 -22 -27 13 -9 81 
11 61 24 52 59 59 64 -18 -2 -36 -34 24 43 41 14 7 94 1 55 35 75 99 -42 64 58 58 11 62 75 77 73 54 -14 -22 60 81 7 34 37 20 11 53 -36 -18 -6 45 29 39 -32 -19 50 95 54 20 -3 
-26 69 56 -35 70 77 -4 75 44 91 31 81 34 -41 -25 27 32 98 61 96 85 -21 65 0 -16 -11 -29 -42 -36 22 52 83 44 83 48 33 96 -47 70 53 36 -27 -4 5 -1 26 51 48 -46 51 87 85 -3 22 -24 
87 77 34 24 33 -1 -26 80 54 51 64 41 -18 89 39 59 96 4 43 -33 -30 -8 -50 66 0 59 48 -27 38 77 -5 42 -17 38 -5 -33 73 20 96 -43 76 55 23 -39 -25 68 9 -50 0 -32 -10 60 -34 -41 57 
20 -27 16 41 97 -47 60 -13 30 28 97 51 82 36 52 50 -3 -41 56 72 20 68 -39 11 73 -6 99 -21 57 84 84 -5 65 -17 2 38 24 24 81 -5 93 63 53 16 7 6 83 95 97 -8 51 26 12 97 -47 
97 -12 28 29 79 28 -15 52 53 73 -43 78 -46 8 86 -9 75 25 14 16 40 56 20 65 7 9 -47 5 -24 90 97 76 86 59 -39 62 63 -29 -39 39 -42 -12 44 94 -21 -36 51 -6 95 98 15 75 46 -18 -1 
34 33 -20 54 -43 -8 4 33 -50 -22 72 78 -17 68 12 39 94 43 85 29 -11 -42 31 -38 10 -25 44 -26 -13 -43 -39 75 -28 40 28 49 63 38 -36 -25 38 12 98 -39 97 69 -33 5 70 28 98 -16 17 42 23 
18 -39 19 1 -36 23 39 -1 31 0 20 54 25 47 -2 -2 33 47 -6 0 73 7 -44 85 -34 -36 90 95 98 27 50 34 -27 86 67 31 -17 -37 0 13 7 68 77 47 82 -35 -3 91 45 76 20 -41 -46 48 -4 
19 95 3 -35 -7 18 78 82 3 23 57 93 -23 51 76 75 -26 -46 53 -24 22 39 -37 24 7 62 41 70 -26 86 43 -34 44 20 2 52 85 58 79 65 67 -1 -35 20 -50 -13 96 31 -30 86 59 -11 16 -47 -17 
78 61 52 86 99 79 -13 71 -29 -39 15 40 -18 -50 -5 90 59 20 12 54 -9 70 58 20 -40 42 46 -41 37 94 85 78 -5 31 8 41 -44 97 -36 66 68 14 73 -45 22 -19 12 33 -39 -48 22 82 -38 43 -40 
63 -49 -19 73 71 19 27 40 77 2 34 44 61 99 63 -15 22 -22 19 54 -38 -37 55 -15 -34 -20 -16 -24 29 41 63 24 -23 76 35 -9 71 99 -19 -49 -37 53 41 -9 28 54 37 43 54 58 -47 -35 46 15 15 
28 -41 63 -25 78 5 -9 91 59 40 2 98 -45 95 61 85 25 -31 -38 -39 90 -24 38 90 44 55 14 38 78 71 52 -10 43 -49 53 18 -26 -14 6 -10 9 23 23 38 -33 -50 5 97 83 8 42 79 75 79 -6 
-15 -49 13 12 92 -48 72 40 12 8 38 -35 -31 -49 -16 39 -29 -37 64 57 18 32 -33 15 50 -2 -24 0 -2 -30 -20 15 11 34 8 11 49 -33 -26 28 1 -15 66 24 65 25 52 95 63 36 88 79 3 79 -36 
-10 -44 34 2 1 -43 61 7 83 1 -11 39 26 19 8 -49 -43 -5 39 86 29 81 -7 -12 68 -20 80 88 48 94 -48 4 58 32 -40 73 -33 -38 29 99 -48 80 44 -23 -18 15 -23 -19 -49 14 4 53 -37 18 63 
89 55 58 12 -14 83 -17 0 88 13 -21 49 88 28 67 -38 84 -26 10 -27 49 -30 99 16 65 5 59 86 41 66 7 39 48 66 -27 -7 63 22 -37 -45 44 -9 21 77 77 77 54 -32 4 58 28 14 96 63 71 
70 1 -6 -3 -40 63 -24 38 66 75 4 -17 63 -23 -10 2 67 48 13 -15 91 -4 96 70 -19 23 -25 -38 -29 -7 48 -19 66 97 38 -19 -30 23 12 -27 -28 8 76 9 24 70 95 85 -22 24 -10 -14 4 36 32 
82 -42 99 61 14 0 8 -49 23 -2 -29 8 42 81 -25 -14 29 -30 21 71 -12 78 6 55 99 33 -37 28 -22 8 -18 28 59 38 32 34 -24 80 16 -28 19 49 46 75 84 -28 83 83 -13 63 61 90 4 -49 -5 
-37 61 81 95 -15 33 -28 -27 29 3 -22 87 0 88 82 91 22 -11 96 -5 53 37 63 74 62 72 2 58 35 43 -30 83 9 66 -7 62 44 -26 -44 81 12 33 75 19 74 -32 29 90 -28 -25 59 -40 93 2 74 
8 -10 20 94 69 -23 42 -33 79 67 63 30 -37 30 18 -29 92 -40 34 92 34 43 87 95 94 17 61 91 -11 -1 67 -8 33 -38 43 45 75 53 68 10 49 -26 -30 71 94 93 -44 9 46 -45 82 43 79 0 -4 
82 38 33 97 7 -11 88 -22 -32 66 -47 31 -25 0 -3 -32 93 77 84 73 4 27 19 69 67 35 33 -50 -42 10 -21 -49 -45 9 14 16 71 -45 -32 -44 -47 50 -50 45 6 63 -5 -5 23 90 54 -44 2 35 7 
-41 95 -8 8 -42 -36 -34 47 87 76 -31 -18 -22 85 79 36 -18 51 41 10 21 15 64 -26 -34 98 97 -15 70 -40 -45 62 60 87 26 57 66 65 55 1 66 44 -44 59 6 89 -49 87 32 37 76 -40 36 -10 13 
59 52 45 0 56 65 84 -7 60 52 38 -24 83 55 40 62 71 89 90 19 17 -50 35 96 -37 48 -36 21 -12 45 14 57 -42 82 37 57 -16 41 40 -43 -3 61 72 0 27 61 -20 97 44 -41 94 50 14 -39 99 
80 -26 -39 -48 21 39 69 64 -36 58 -9 -17 35 -10 -50 57 44 27 69 24 63 98 32 56 -30 60 27 3 -31 86 75 23 -36 61 -30 76 95 69 39 60 70 38 -20 22 16 73 48 -26 -14 33 9 85 81 -23 -45 
-14 -33 -28 54 -46 -27 79 64 -34 -25 -43 74 1 -13 28 -8 11 91 30 69 16 58 -28 66 48 22 81 68 -34 87 17 67 18 75 -17 4 72 77 11 50 58 60 -47 -30 86 53 12 -38 21 -29 -2 99 87 91 10 
78 -49 63 -11 27 18 64 14 15 -1 45 87 13 5 93 63 -14 -49 -40 21 -8 22 20 86 2 52 68 0 -9 -28 -23 -50 -3 52 27 44 52 86 53 22 20 18 -26 64 -24 31 98 37 -29 24 83 99 81 80 -42 
-28 51 25 -21 99 5 -40 -25 53 -50 68 3 25 77 91 25 -44 93 6 10 15 -16 54 -3 39 12 -10 90 -10 -11 98 22 31 32 -28 -8 1 -24 35 89 32 80 68 -31 23 72 74 64 23 19 44 -22 39 25 72 
35 -12 -10 42 58 26 -38 61 -14 77 60 54 85 -29 66 76 42 80 33 -20 -37 -45 -43 63 60 91 32 60 15 -50 -44 27 81 58 -42 -44 -25 -50 -11 40 94 45 -39 23 68 -26 92 -3 43 32 -9 14 -15 -30 29 
-28 -40 58 78 -26 39 94 -30 -49 60 0 -26 -47 7 67 -7 8 -50 66 91 -29 -19 -27 39 -4 12 -38 -3 91 51 47 81 -37 90 98 -47 -14 88 90 -34 75 -13 16 5 36 25 36 -30 -10 26 -33 23 -40 27 -11 
-32 21 86 44 20 13 3 3 -35 26 32 77 -42 -21 -18 -9 -30 65 72 -15 30 34 -39 33 68 48 54 -44 -38 13 73 50 68 8 -39 -48 67 62 70 59 94 -47 68 -20 -2 12 11 -41 56 39 -39 -30 72 23 -10 
-26 97 15 -34 59 82 -30 39 2 3 -4 -14 56 44 73 -8 -1 -6 76 72 4 51 87 -50 12 31 37 16 -49 82 88 90 -4 44 70 -22 16 -30 -48 33 -41 99 89 -14 38 79 83 -29 84 -13 -8 -27 13 57 23 
15 67 62 66 44 -19 45 45 52 -23 -6 78 67 6 99 57 48 47 22 4 21 -26 77 81 -18 7 76 -38 -10 34 3 -15 -44 -6 63 67 -6 44 -28 78 67 -3 92 25 -4 8 -12 -20 81 53 83 48 69 60 -26 
33 82 -11 69 25 49 65 40 88 47 -46 92 59 58 0 -5 90 25 99 28 46 50 21 -26 77 35 29 50 62 -16 -5 84 7 6 41 93 26 -14 88 9 1 87 22 -2 36 -26 22 -25 -43 28 26 97 21 -31 -10 
63 34 12 35 59 99 23 83 -31 -16 36 89 -18 93 17 99 72 31 -31 2 -30 12 24 61 -49 69 66 -42 93 27 60 91 30 40 -37 72 29 -31 -12 43 77 -25 -19 -44 44 -30 -35 85 14 46 42 -11 18 47 4 
16 39 1 -11 -24 46 67 -34 12 21 -35 3 -31 20 93 28 -32 16 56 -43 32 30 47 43 69 61 22 70 -1 47 83 6 -18 -26 47 53 55 -14 32 16 -9 28 30 97 82 88 -5 -17 59 -38 36 -8 88 40 8 
-34 81 71 -36 -45 -25 89 78 12 64 47 52 -31 -37 88 4 36 58 37 98 -18 -40 81 33 39 11 45 68 -12 34 30 92 58 -10 57 76 -28 -27 -24 55 -37 -41 32 13 33 -2 97 90 35 51 99 69 85 70 69 
-42 -43 20 14 -46 54 87 52 85 15 98 8 83 -28 -8 59 76 82 68 -10 88 -22 96 -7 96 85 -25 -32 22 76 63 -26 39 -27 64 1 -49 10 88 14 -37 62 -37 -45 23 -25 -36 77 44 98 94 -47 94 -16 28 
-47 22 -39 6 -45 -19 83 -31 -33 24 20 -11 -45 20 -8 -39 62 77 19 27 40 70 53 -18 47 -10 -44 92 7 10 38 10 75 61 -9 5 89 53 46 87 41 -37 7 14 -17 -8 -4 51 92 -14 64 52 -13 6 78 
36 77 -21 -29 23 -27 19 7 16 62 10 -20 -8 93 97 -40 9 97 99 -50 -46 -1 12 -23 -13 -42 -25 68 -44 98 56 69 83 41 19 76 67 45 -3 4 59 55 82 58 8 40 57 96 27 32 19 32 39 54 -42 
31 66 12 -22 33 -16 -8 -8 -11 68 17 49 -12 65 -12 -48 -41 -8 45 42 61 -6 49 29 16 6 -37 0 31 46 48 68 0 86 55 -43 -23 26 -16 94 -18 -49 19 15 -42 -29 84 8 -37 48 24 -46 63 60 51 
30 -42 14 53 83 10 -26 99 13 19 -14 -45 -41 44 59 -45 98 41 69 67 3 53 87 97 -30 97 73 73 82 63 -25 -14 -41 19 -39 -26 -22 43 -8 78 17 -32 67 -34 75 -29 -50 17 24 -34 35 17 -14 -2 43 
-5 56 3 84 48 86 86 69 66 -21 71 63 -13 -33 69 30 53 -46 69 24 49 -31 48 31 34 -19 -49 13 47 34 -27 5 -23 23 -29 2 36 82 39 47 -32 85 19 20 20 38 59 44 -25 67 24 -7 68 70 -27 
40 15 -20 82 66 43 0 51 0 73 66 19 69 97 -2 34 -49 19 74 -38 8 -9 6 59 -26 -30 -28 37 -29 83 31 56 -13 43 48 -18 70 57 -5 -9 5 27 65 -22 67 -41 80 -41 69 -40 -49 13 66 26 32 
