-28 44 92 -35 47 40 -19 -45 43 -28 83 -24 39 61 11 -26 87 20 97 34 18 19 78 63 28 -15 -10 89 70 82 -37 8 82 -41 59 80 -14 78 -28 35 -28 -32 -26 15 33 63 16 -34 -42 -47 36 31 30 -5 40 
-30 90 -9 82 58 25 85 20 85 28 35 8 -40 -27 61 69 77 -27 -12 33 -39 95 61 -49 -41 -49 -44 55 1 -42 61 -10 38 95 52 -26 -33 -49 51 -12 -40 21 97 67 82 34 39 81 -43 22 77 66 -42 56 15 
-14 -29 18 -2 -16 -46 90 -12 -46 92 -41 0 95 75 24 56 34 16 28 -20 19 3 52 -19 63 13 34 58 -6 99 81 20 33 -8 45 -39 -28 63 25 -10 58 86 15 62 -11 12 1 71 20 -39 -21 12 14 3 -20 
80 65 19 -13 18 -37 10 76 -11 89 36 96 -42 -3 52 -35 24 41 29 54 1 -35 86 73 -25 12 2 12 -3 61 95 94 97 8 0 -48 54 -11 -21 42 78 44 -34 66 69 35 -11 -36 14 6 -29 -22 53 84 82 
-20 41 30 90 45 58 -3 38 -28 38 -28 2 -13 -9 59 70 33 97 79 -43 -36 -7 99 71 78 92 1 -14 -40 14 -15 69 7 -42 56 21 -46 27 99 58 -26 20 59 44 25 59 -24 -45 -46 -45 23 33 83 48 66 
95 -36 43 22 11 53 59 67 65 37 -19 -8 -7 46 59 77 -1 -47 28 -8 23 18 79 19 5 -48 -43 83 63 0 33 -23 -11 -36 65 39 -27 18 5 26 39 13 82 -19 49 99 46 -25 54 -19 -27 -16 10 86 43 
-6 58 4 -48 65 60 73 -42 70 -32 -48 14 67 -30 64 -4 -26 60 -15 4 39 78 -13 27 -9 72 61 -17 -24 8 -28 42 88 -34 84 69 79 64 -40 -38 94 3 -30 45 65 23 67 89 87 83 19 -8 -26 86 0 
-3 73 39 -50 -39 52 86 14 -32 -50 94 30 23 82 -18 75 80 -13 52 33 -1 82 71 40 91 40 7 0 38 -49 -27 -33 -22 47 -7 64 64 14 -25 61 -30 3 39 45 40 83 -34 78 52 -31 7 -8 99 69 51 
-24 21 -23 62 -3 -48 98 -23 89 97 -46 33 60 78 -2 44 54 30 53 -50 31 3 -29 77 59 12 83 88 66 23 29 79 -32 87 60 -36 -34 15 53 -14 -49 -35 2 52 88 -31 12 12 85 -33 16 -11 13 66 0 
27 -11 -4 -39 42 -28 31 -22 18 -46 58 -11 95 -24 -36 91 51 28 73 -22 0 23 -39 2 40 8 1 13 75 -2 3 67 66 76 52 58 -25 -1 -50 77 60 26 3 -23 47 -16 21 64 15 24 62 68 19 -21 73 
-13 -16 68 71 -26 65 91 -8 -40 91 60 -10 83 88 -34 31 64 97 -43 72 20 57 15 34 2 38 -11 -21 4 -29 -22 63 -47 -31 38 -9 -43 45 68 60 0 32 -4 -6 -46 36 -35 47 98 20 10 17 -14 71 66 
-5 90 -2 25 8 -30 -34 52 33 28 96 89 81 37 24 81 41 51 78 78 54 93 40 44 98 -35 39 49 -17 8 87 30 31 -18 -24 -17 74 87 3 54 -26 77 -14 78 92 89 3 52 8 -11 -20 49 -45 63 19 
-24 53 17 99 73 12 -22 -8 -2 54 9 54 42 -16 43 34 -18 82 -46 -17 25 -23 -18 61 -45 -31 26 88 63 42 0 -37 -25 -22 83 35 1 13 25 85 -47 -42 56 67 59 -18 -31 -31 83 -45 -8 -12 -41 -13 69 
40 -35 -13 -49 99 -43 18 48 -16 79 42 -5 39 -10 41 -41 89 36 8 68 47 51 -50 99 95 -49 19 28 -23 81 88 30 0 85 55 -10 -13 5 77 -29 7 -21 44 6 58 93 20 -37 -28 20 93 65 44 -33 97 
27 70 21 -16 -17 57 -12 97 -23 69 -18 78 -41 -5 14 -25 39 52 86 12 -2 76 -5 63 61 -16 8 67 -10 -25 82 18 -3 79 40 -50 28 93 91 66 67 -18 73 99 0 17 93 88 -8 -8 97 -12 59 69 -2 
-49 10 -7 36 54 -46 49 -26 4 37 78 50 -43 80 7 27 59 50 -9 39 -2 75 90 -15 85 39 -49 -38 2 -14 91 -29 -32 36 62 57 -8 63 25 76 -7 -9 -8 57 -5 99 28 4 59 -39 -40 -48 -45 30 34 
69 43 -2 -34 -38 95 -41 91 -5 67 -27 36 11 61 94 32 96 -3 75 94 33 -26 59 22 25 -29 -43 84 67 29 22 92 93 -18 71 44 11 -14 -44 42 8 -30 -1 48 90 72 -32 36 76 62 9 -41 98 53 -49 
0 24 22 96 -29 -30 42 40 8 -43 30 0 0 70 1 98 4 -41 25 43 47 -46 20 -22 -31 -37 -5 -26 48 -30 -11 -40 77 51 89 27 91 -49 93 80 -50 65 -6 47 25 31 16 58 82 77 97 -8 41 -46 19 
64 89 3 98 40 94 -47 80 -43 35 82 -21 83 -13 55 61 43 56 14 85 -6 53 12 19 -38 64 39 10 13 21 96 34 84 41 90 69 30 -40 6 33 66 72 76 22 99 -31 56 37 68 19 99 45 69 69 74 
-47 24 84 21 -39 82 -20 39 9 -1 -30 87 -29 60 35 96 -33 72 16 29 0 -24 54 54 -39 57 86 -27 -15 71 -5 92 73 10 19 24 69 21 10 -20 91 -15 72 4 28 2 -43 98 -10 27 -50 42 67 24 -38 
55 63 77 -2 34 72 -8 -14 3 52 -48 7 -31 39 75 85 -30 20 40 -11 73 22 -9 -38 90 18 29 49 91 -12 53 34 4 21 17 63 16 -8 15 -37 -29 30 4 21 46 -30 32 -18 88 40 -46 61 3 49 8 
-30 28 3 75 79 -27 21 98 18 19 -5 12 39 -33 99 -21 -8 68 56 -42 7 39 70 -37 -24 32 81 -30 -4 78 37 43 27 15 -50 98 58 22 -16 -45 -19 34 51 -26 50 12 30 -40 -22 70 -1 -6 53 -31 -9 
61 37 33 31 77 40 56 -27 48 12 -21 24 54 15 -42 65 -50 -39 20 31 -44 -37 58 55 38 -33 -7 99 96 6 63 87 19 64 35 32 -28 20 54 -43 -27 -39 87 77 21 24 47 81 96 53 12 49 87 48 6 
6 -10 27 22 -25 30 30 -27 20 30 -1 -39 6 45 64 0 66 11 65 -38 85 24 20 -15 90 15 -12 16 70 55 74 95 69 -26 96 56 66 86 -3 63 39 33 -50 81 -26 61 43 33 -7 -18 -23 29 97 31 59 
16 -7 78 94 63 34 -29 -34 -44 69 7 64 57 -27 58 -16 0 73 7 10 -34 7 -40 -34 44 50 68 65 -19 99 62 94 67 -34 -37 -30 48 2 39 60 -4 68 12 -18 77 -49 69 39 96 47 -13 16 -30 34 -26 
-4 10 60 98 -16 0 -45 50 -17 10 38 -20 33 98 58 -11 59 -6 9 -25 -36 62 42 -20 55 -2 -20 5 23 33 72 17 35 98 48 60 22 52 12 91 12 48 31 7 35 69 61 11 85 -10 -42 6 97 -19 -30 
29 1 22 86 69 60 -11 -30 -33 11 -13 -49 -2 -5 11 -29 48 99 -47 44 90 41 46 -16 14 -24 80 59 -25 -37 2 61 33 97 -36 27 81 68 -10 32 -38 54 37 76 29 66 22 45 -25 -44 -25 -37 73 -49 -28 
-20 74 23 44 64 -3 39 -20 -8 -33 19 -6 18 15 62 -42 -27 -21 5 -26 95 70 -41 -24 38 0 88 86 -38 28 58 91 -50 -15 21 3 68 0 90 60 -3 -44 16 -38 50 -42 70 68 -32 92 68 0 73 13 37 
-49 -19 69 9 4 65 61 39 64 9 -24 83 46 -35 75 -36 38 57 -24 -13 98 -26 37 29 78 -2 48 41 -29 -22 35 -11 -42 70 -12 -31 -34 -9 -10 15 91 -38 -49 -10 62 93 -1 -12 22 7 -44 31 82 47 -29 
-50 -35 47 -23 63 69 -43 50 -28 35 47 11 35 -44 77 22 77 84 90 -43 27 86 94 41 71 -30 94 66 -7 8 43 -1 10 -40 45 86 87 -28 -11 -50 51 13 82 34 -16 27 47 34 76 10 98 46 63 34 83 
97 38 -13 39 33 -26 93 16 85 -7 82 98 80 73 73 52 -5 84 97 -39 50 43 85 63 52 -20 -48 7 48 -18 -30 67 -21 -45 14 75 17 -23 98 -44 47 73 88 3 -5 60 83 30 63 38 56 48 -25 -27 31 
60 -25 85 -15 28 -27 34 33 -42 97 -8 27 68 33 54 83 42 -5 76 75 34 -34 78 24 -10 15 4 39 -19 28 83 -8 -49 62 57 23 67 -50 22 27 81 50 90 -15 84 91 6 92 -26 10 69 68 -14 5 56 
-45 44 -16 25 39 71 -34 -26 77 94 -15 33 37 43 -14 44 -17 65 86 -28 -27 44 -5 -23 43 11 58 48 66 59 9 33 -45 60 -42 -36 18 -3 31 81 -37 68 -4 -44 7 30 -18 58 39 75 83 0 -41 -23 -13 
-33 70 -7 85 75 77 -42 84 79 62 15 17 46 -18 -22 83 38 -17 59 40 86 20 31 76 -49 34 32 66 97 38 66 -38 9 87 82 61 75 52 32 58 90 8 44 -6 6 40 -26 -10 -27 61 41 86 19 23 43 
1 -1 -1 98 36 19 60 85 7 70 20 69 -13 41 60 48 -5 2 -39 28 67 2 8 35 53 8 -40 -27 38 32 -7 43 14 26 37 -30 -17 27 -28 -42 98 -39 70 63 41 -37 47 57 64 -9 19 55 -39 -29 48 
23 -41 -27 28 -31 -11 21 83 43 25 -27 -9 48 47 81 33 -33 38 62 49 31 52 41 -9 18 11 73 -7 -19 34 62 45 16 57 57 76 4 44 -8 -44 -47 -48 -22 67 93 72 53 76 1 5 76 -43 -26 2 -18 
52 88 -17 -28 -29 -18 6 97 45 31 32 90 66 92 7 96 73 24 63 63 -17 85 -44 71 -26 49 -33 63 -30 -24 44 75 71 66 -16 95 72 52 1 -25 -14 67 16 -6 26 29 55 -28 -49 89 67 -23 -22 36 70 
91 82 83 -32 28 90 -21 -15 74 71 57 13 22 -15 34 -47 20 24 -29 38 -37 58 97 99 -14 -33 -38 22 23 80 -26 53 -45 65 41 69 77 86 -24 -50 88 62 -30 44 -14 -31 -14 -27 10 53 45 26 43 82 57 
38 73 95 54 7 35 2 82 98 48 20 69 29 12 37 70 96 81 -39 -36 0 79 -36 -19 6 -26 29 -37 12 16 -44 68 -32 55 40 39 11 53 35 -11 90 70 -48 -28 88 -12 32 -24 88 46 -3 -16 -8 39 -5 
31 78 57 44 -33 3 -38 -12 58 22 -5 85 37 -32 20 53 -43 -5 39 -25 13 65 66 -49 -10 28 99 -45 -27 -28 81 10 -44 1 -43 60 50 22 89 40 -34 59 33 78 9 43 16 55 14 87 4 94 78 47 -9 
51 60 -38 46 5 8 -11 54 59 -4 -33 72 60 24 11 36 76 93 -42 38 7 67 68 -37 9 1 -48 44 -28 19 12 49 -47 66 -3 70 58 20 32 94 75 94 -41 67 1 77 -9 -37 -37 41 59 -18 17 -32 5 
-45 27 36 9 -38 36 -4 65 20 -29 -39 47 83 77 53 -27 55 63 -12 12 68 -1 14 53 23 -15 80 -9 8 49 33 -26 50 44 61 38 60 18 80 45 -13 -47 99 -3 87 -25 28 -41 62 -37 55 -49 -32 85 27 
16 -9 -33 -24 19 23 9 2 73 85 -14 -30 87 -37 -36 -4 23 53 44 98 77 -35 73 41 23 66 44 21 76 46 75 -30 -50 -44 72 -20 -47 -26 68 -39 16 68 89 92 22 -19 30 32 -37 7 82 19 67 19 65 
27 -13 64 84 87 13 -20 34 97 -16 53 -15 45 -49 -18 5 -39 16 94 -39 47 20 -45 -9 38 24 -23 77 9 75 19 71 45 59 0 22 -30 64 -31 23 5 -20 -14 25 -2 -44 97 13 -45 14 58 15 -34 20 -22 
53 -24 77 93 74 95 -15 65 44 -48 3 21 22 4 -6 -1 -25 7 -21 97 82 -50 22 28 -33 65 -18 77 24 84 74 94 6 6 27 16 86 -24 23 68 36 -2 38 -4 36 44 82 33 23 -17 8 -42 75 20 67 
5 32 81 72 17 5 -23 59 -45 -11 55 47 60 43 45 26 68 6 -36 69 -35 -13 -19 54 -50 25 15 77 70 -28 -32 93 63 89 61 73 53 31 72 -26 25 12 79 8 -26 -30 88 -2 -25 -8 40 -29 -29 38 -41 
-6 75 13 20 51 66 27 23 33 -3 24 -41 74 -6 29 51 9 83 51 -33 -3 96 12 37 5 52 -23 54 95 83 29 -44 -5 -49 -20 48 12 98 74 92 36 11 83 -12 22 -35 -5 97 -36 -4 57 84 -50 59 80 
24 4 -22 45 57 25 -22 84 52 86 54 21 5 38 39 48 -50 95 -6 5 91 31 33 43 97 95 -19 -32 85 83 90 9 -5 87 97 -26 -38 37 64 -3 -30 -41 -29 -20 -25 85 -17 90 77 51 96 8 17 44 -41 
11 -14 55 43 29 -31 65 81 82 3 -1 95 18 31 -32 -46 0 97 95 70 45 -30 -39 54 83 63 -49 4 -22 -13 -28 46 23 32 44 -14 21 -29 23 43 -10 56 84 81 -43 14 59 35 44 92 27 -37 24 -25 69 
78 92 15 2 -19 91 85 78 60 82 22 96 90 -15 -19 51 -32 -8 98 28 76 86 -48 58 8 36 14 58 24 63 -25 -45 90 37 -41 33 -29 24 19 32 26 39 -13 53 28 46 -38 51 98 -14 32 48 -34 67 -40 
-48 15 10 18 87 -25 96 -44 1 -21 -35 77 19 -22 50 87 -10 51 15 98 20 59 22 -47 42 88 4 28 -10 61 59 82 54 76 94 9 -2 83 44 -9 -33 -39 -8 83 26 42 36 99 94 64 19 24 35 24 -49 
18 21 0 -28 -49 -32 -5 10 -41 37 98 81 -31 -27 95 85 60 26 75 -16 -41 -11 82 -35 79 79 53 14 -14 90 -40 43 -44 -40 50 85 99 99 -22 14 23 -30 -27 48 97 -11 -8 69 -47 52 32 -46 17 -7 13 
-10 74 30 29 -31 39 93 52 -3 39 -28 27 -5 13 54 -3 -34 12 46 17 -46 16 -38 46 75 3 -37 96 4 4 93 79 2 36 14 81 87 81 39 -15 -40 72 13 69 21 18 88 85 94 -13 39 63 -14 68 66 
99 11 -31 -12 68 23 65 34 54 -9 22 53 -5 -9 20 22 -41 97 -18 42 48 -47 43 15 79 79 18 63 36 -49 2 0 35 -10 -39 -23 91 80 25 -30 27 23 57 60 -31 47 40 70 -16 6 54 60 -2 70 26 
-45 89 20 -12 14 27 18 2 43 51 71 26 71 81 -3 -24 57 -47 -1 23 -4 -17 -40 15 -6 -36 63 71 32 -5 74 -4 7 13 99 -45 10 -42 72 29 -11 -10 23 -26 -10 4 8 69 28 78 -42 51 43 -27 32 
