43 49 93 69 86 15 56 4 56 -48 89 95 74 98 54 57 49 21 96 24 36 -25 -9 -27 28 -11 13 49 18 56 20 -5 -30 4 2 -15 49 -11 21 83 75 29 32 6 84 35 49 49 -29 31 23 -15 22 27 -28 15 -4 33 68 14 33 32 -40 98 9 96 -38 -28 6 74 83 60 
28 20 -15 60 12 -11 -37 -50 45 -15 42 34 64 54 -30 33 74 8 26 74 -1 -6 -26 22 39 45 82 26 -5 47 23 70 -43 68 57 24 -4 -14 38 39 -48 -49 20 14 47 -14 -20 49 98 50 -30 6 0 -35 97 -26 16 27 63 -4 34 33 -35 62 37 67 -30 91 -15 -27 84 89 
-11 -23 -24 18 95 39 -50 48 83 81 -39 75 51 41 99 30 41 40 93 17 -27 4 -40 2 -31 94 -5 18 -35 29 32 40 57 49 98 54 -14 -3 57 -33 68 -46 99 91 31 -17 -36 71 33 65 -6 29 23 11 16 28 49 -14 86 -9 79 33 97 41 -42 18 -5 35 -18 -37 79 -7 
-33 -27 3 13 -39 -20 10 24 70 -23 -41 74 -45 -31 -9 85 -31 79 57 91 42 -22 80 -21 -8 81 29 17 -39 35 70 69 70 8 0 30 79 11 37 70 66 87 95 94 76 -35 -43 48 87 30 -27 99 68 55 64 -26 -45 60 43 -32 77 11 87 46 -30 -32 -31 96 21 45 21 57 
-37 35 21 -18 -42 -34 50 55 32 40 41 56 18 28 -9 -11 40 -3 -29 85 44 84 -32 59 -40 -42 50 26 -21 49 36 90 88 69 -29 -20 10 63 79 31 83 -45 99 4 65 9 -42 91 10 -48 -33 -35 10 -9 -27 2 52 38 77 26 -15 36 78 21 70 43 87 87 20 88 29 -31 
47 76 15 -7 -50 -43 52 22 -10 92 54 42 68 33 -21 -24 50 -14 60 56 41 66 -16 -47 4 88 27 -8 -19 -23 90 -35 -16 62 41 -1 64 -50 -30 -44 56 0 98 -27 93 -37 -36 26 -11 47 58 91 20 48 81 38 2 90 -8 98 37 -9 33 -21 -37 23 32 65 50 37 68 95 
-3 0 -15 77 16 38 -39 3 28 38 11 54 0 87 39 -34 -33 28 -14 -11 18 49 18 5 -37 -6 28 75 18 60 18 37 25 -19 43 37 16 45 79 -34 44 87 -3 -28 88 83 -32 13 39 -38 63 72 51 -42 49 94 -7 80 4 62 12 99 47 -21 -38 41 -4 -31 3 35 26 1 
25 68 -31 30 69 19 -24 87 -17 98 -12 70 89 -1 -14 36 -27 92 78 -29 -40 81 -43 -27 19 69 -24 22 2 -13 55 -21 19 86 90 -12 85 2 -17 99 34 11 34 -7 81 -7 -19 -7 42 31 -10 39 5 -44 85 54 95 12 -13 -45 -7 0 88 80 12 -11 68 20 -20 -43 -23 -23 
30 -19 -33 -8 -10 -26 36 70 31 29 91 96 27 -26 -20 90 39 -7 75 17 50 42 -38 74 44 87 99 85 38 98 -31 -8 65 36 15 -4 7 4 80 37 16 -37 13 1 37 73 -47 72 -36 -20 1 55 -5 -23 38 -46 38 25 -16 -15 95 3 86 80 48 -45 99 5 0 79 91 -33 
87 8 61 -1 86 17 79 44 39 44 -4 -39 56 31 42 -41 -17 -15 0 25 85 -8 47 -23 94 -21 -3 7 97 -30 77 -11 -4 49 68 43 80 83 -12 12 18 33 -19 -20 16 43 83 -33 37 -33 -15 62 94 18 40 29 -13 -34 -19 -3 9 -33 41 36 67 -23 12 7 61 56 48 -31 
16 83 -7 -4 99 57 18 91 32 79 43 -13 72 -13 11 26 -41 49 89 -38 90 30 61 -2 54 99 38 93 -26 42 -45 -28 17 60 -44 77 43 10 36 -26 -19 44 33 78 61 -31 3 92 46 65 91 -43 42 46 70 53 88 23 14 67 -25 64 69 -46 85 69 96 82 85 49 66 -6 
-39 -8 -38 -8 37 97 -45 -6 69 -10 -38 -4 36 -24 -17 19 87 51 -1 -9 8 36 28 17 46 -40 68 4 39 60 86 -17 82 70 8 24 96 -50 56 76 81 27 0 21 4 -2 0 -15 24 -21 92 20 91 79 -1 -11 4 31 84 -43 -49 -18 16 -4 -4 -37 55 0 -5 34 30 66 
30 14 -27 47 94 58 57 35 88 80 50 79 2 12 82 -30 76 34 -7 48 82 10 -18 75 98 52 73 80 31 -16 46 76 2 44 47 44 -42 -24 87 13 -10 99 47 -46 -2 74 -45 0 64 -31 73 95 -43 -41 -28 -8 -30 -41 52 61 -25 14 54 85 8 83 15 -18 74 40 42 45 
-2 49 83 -26 27 82 78 -3 -41 81 68 83 28 79 43 80 -17 52 53 -32 -36 9 27 79 93 56 -11 -6 92 26 12 74 -26 36 39 86 36 60 -46 43 -34 -9 57 68 5 37 2 72 -41 -13 94 63 33 63 37 69 -18 33 92 10 13 -32 78 82 -23 -30 8 -48 82 -48 -48 -34 
50 -36 -18 60 -34 -16 -27 -1 63 -31 28 64 69 -4 -40 5 86 56 86 13 75 32 73 49 72 83 5 50 91 29 18 68 71 43 -4 8 -46 92 84 -47 97 17 61 35 46 -10 72 22 -3 68 38 71 -41 41 96 79 -50 -37 45 29 46 72 65 13 1 62 5 26 -32 36 82 -2 
35 89 65 58 4 76 91 35 -44 94 -36 -3 63 -43 72 18 5 33 57 49 32 -41 59 96 67 -46 85 -12 -37 44 -4 60 30 -5 -26 4 1 16 -14 74 29 -12 8 82 60 -32 -1 10 -29 56 -45 -27 -16 -20 11 49 44 85 -44 1 66 18 56 90 -8 -31 75 49 9 -20 65 62 
88 62 -24 6 84 36 -47 8 15 39 37 20 86 45 -39 90 86 -42 -17 -9 23 -16 82 42 87 56 43 -21 -20 48 54 33 -23 57 -36 71 57 86 72 44 31 32 40 48 25 80 33 72 68 83 95 77 16 97 -34 15 -26 12 51 4 46 6 33 34 -42 94 52 4 -1 -18 91 40 
43 56 3 81 52 4 68 42 34 -18 73 -48 56 -29 -40 19 89 32 92 43 56 -40 8 81 -4 69 54 2 72 66 7 37 -3 15 92 83 65 73 62 -18 -36 -9 -13 -16 58 22 20 67 87 -18 -17 -22 83 -23 29 93 44 72 45 -2 -9 69 34 62 -10 -40 -15 71 -16 52 84 74 
57 70 90 18 66 61 38 59 78 20 16 -45 -10 83 67 -2 -25 54 -33 57 46 19 7 54 38 63 12 -14 24 28 -26 -33 3 84 42 98 92 55 -50 38 14 -21 -42 59 71 62 61 4 20 4 82 75 51 88 -49 -22 38 50 60 77 47 -9 80 -39 11 4 30 -23 42 82 23 15 
-1 57 42 91 -19 33 76 -12 68 -12 87 -3 58 -36 23 -36 36 4 23 -44 39 -23 91 77 55 78 73 -30 -40 27 51 59 89 16 55 85 48 98 4 -9 86 20 50 48 -32 2 21 -33 43 -30 15 -14 -13 73 -9 43 -42 99 84 13 -37 -26 -7 23 -46 97 18 -18 6 -41 -45 33 
-10 21 -47 -23 -24 81 -35 94 80 16 -9 96 80 24 76 -24 50 28 42 11 37 94 -30 49 -50 -34 4 81 99 5 17 4 23 93 66 -4 -38 65 -15 -43 57 -37 36 45 73 12 -43 -5 79 -38 96 87 -43 65 49 24 2 23 71 74 -15 4 -21 -5 82 69 -24 -25 -35 53 -37 71 
54 82 65 -31 33 28 57 50 3 14 -3 15 10 92 31 30 -14 24 -4 4 39 45 50 -34 27 35 -47 45 39 -16 -24 2 -33 32 76 -3 49 -22 20 -31 78 56 9 -2 -43 56 12 24 7 90 -33 31 38 -12 -47 46 41 7 5 -27 21 -14 84 3 92 -20 64 -19 -12 -33 51 -38 
2 67 13 42 -39 -40 -17 32 -24 -32 42 63 -4 30 93 43 1 82 17 9 71 39 35 48 6 76 84 13 7 82 -23 83 26 -4 82 32 1 18 37 -28 65 97 -12 44 58 1 54 0 43 65 19 20 18 25 53 57 54 73 -4 -25 55 -34 -4 -28 25 89 58 -6 46 10 75 68 
-44 37 54 60 -15 -40 9 3 -2 70 41 79 50 -18 90 71 70 37 99 91 11 72 -36 48 86 96 65 37 90 91 16 8 -30 -42 -30 -36 -28 -10 -12 35 -32 77 52 -6 -17 66 -6 -28 1 80 -34 20 30 94 -19 53 -29 69 56 87 45 -20 28 16 -20 20 -34 12 -49 29 88 19 
-47 56 64 -17 56 18 -50 76 -30 18 75 25 45 89 -32 70 -24 -5 71 -47 97 83 -25 32 -42 51 85 42 48 -45 20 6 -9 89 82 -30 90 72 43 12 -26 76 87 58 81 34 -34 13 21 -32 34 -5 65 -34 -5 43 -3 -23 33 -30 -33 17 -13 95 -5 85 26 6 -39 -47 -16 -29 
74 28 5 53 74 58 -45 58 17 -11 21 -18 56 -18 95 13 -40 52 -35 28 -36 83 -38 62 13 49 85 53 -28 -24 49 -21 -32 -26 -44 -24 70 -36 92 8 3 73 29 -27 15 56 -23 56 53 71 -16 -13 -3 96 -38 64 67 -6 56 90 -29 81 38 16 92 93 18 -22 53 37 -48 62 
58 -16 -46 80 -10 64 61 97 12 66 49 21 67 89 89 28 -5 -18 -3 10 7 21 -49 15 -23 16 -30 25 -13 90 93 93 15 49 -30 31 3 64 93 12 -15 75 78 -10 -1 73 73 84 99 55 74 -50 68 -49 82 -31 11 39 -30 57 7 -39 92 99 -37 34 9 -5 -26 -15 -34 -34 
-33 11 42 15 -18 -39 53 36 82 -19 -8 75 -11 68 8 67 -29 -31 64 12 63 46 65 94 49 86 46 96 -22 40 -44 15 61 -4 16 51 14 9 21 34 -13 22 -2 17 61 27 93 21 90 56 -17 47 -22 -46 28 -18 92 60 47 96 38 71 35 -28 27 -1 28 69 56 68 71 31 
-23 -36 -20 48 4 31 -17 -12 85 84 64 87 -28 9 -19 80 14 37 59 17 79 -30 60 83 24 -3 28 52 82 28 79 -9 64 -28 -31 62 -41 -35 94 73 72 74 63 92 -30 -4 69 63 17 62 90 92 96 9 29 -1 11 25 79 -28 33 32 -9 15 99 -18 78 47 2 57 -21 -40 
-40 -49 2 20 -37 53 -28 49 98 83 73 -37 35 27 28 90 -2 82 57 75 -14 -21 18 23 13 75 91 -4 51 31 43 91 93 3 59 85 -11 -50 57 72 4 26 70 25 -9 -42 -8 -44 31 -22 -36 -20 -43 6 90 -40 57 81 70 -41 -24 45 52 64 59 89 -24 37 28 72 -26 34 
-43 96 6 -34 -36 -6 62 93 68 38 15 -5 18 -15 -48 -2 -43 -3 12 76 96 50 -18 94 -7 -23 -36 -48 -20 -20 59 81 93 -29 -4 23 96 94 82 54 -41 -29 78 71 -4 -29 19 -10 67 70 -44 3 -46 76 -48 22 56 5 18 64 -21 -48 18 -30 37 -38 13 2 78 12 69 -42 
72 86 37 -28 70 17 16 37 10 0 45 -25 60 -35 48 -28 30 8 25 -6 7 -6 68 2 -7 -28 22 30 10 -32 18 -25 23 -25 31 -19 -39 42 32 40 5 75 -36 97 -35 27 95 54 -16 -48 -15 18 82 68 90 93 -15 -23 7 94 -36 -46 -10 70 73 58 25 8 -46 82 87 17 
35 26 6 37 87 -27 25 15 46 -3 -4 32 -47 3 21 16 34 61 -4 -44 98 22 75 70 -25 -14 56 95 63 91 99 -30 20 99 41 74 67 92 32 -31 62 57 8 -27 97 4 0 49 61 23 73 -37 62 -36 -25 -17 7 51 -49 -10 -8 -1 26 20 98 60 -14 95 79 44 55 -37 
34 -34 8 58 20 33 -29 11 -26 25 22 -20 39 30 78 62 0 88 -36 97 -21 53 9 -3 -38 40 21 48 14 29 73 66 -20 86 -15 60 34 -35 28 -24 13 -19 11 24 93 1 -34 34 -32 -36 35 -29 -12 72 -31 -34 -31 99 -3 5 -43 14 -40 15 23 59 79 -19 -19 -38 83 75 
96 89 72 -39 -28 -23 -38 4 19 20 60 57 -21 57 21 10 47 -9 70 58 -41 94 1 68 54 -16 72 14 4 15 -35 -13 -34 89 71 86 94 33 24 45 61 77 88 -12 -21 71 73 -35 80 -42 -40 68 44 79 -47 31 94 -32 -3 30 37 -26 32 23 73 -46 93 -41 -34 63 90 43 
0 34 80 -6 16 0 20 83 83 -16 -50 78 19 20 51 35 -27 17 -23 9 -18 25 57 21 52 58 4 40 65 86 15 -35 77 -46 26 10 15 85 -50 -7 32 79 93 93 -23 21 68 91 78 77 12 -44 33 21 9 88 95 62 -23 93 -13 51 -32 41 -42 -29 -31 -49 -16 28 27 57 
-17 54 87 5 14 1 58 -25 -31 19 7 4 -34 19 94 54 40 48 47 -40 61 36 36 87 -11 64 18 -37 7 -32 -42 46 -42 -48 15 51 21 -27 -42 56 28 89 99 77 36 90 -2 97 58 37 -5 -25 -36 82 27 66 19 6 56 2 19 -35 6 69 81 44 6 92 50 69 41 91 
-21 -48 5 99 -48 76 81 8 -13 -42 96 -34 96 -30 37 58 97 72 -3 -16 65 -23 99 55 46 -35 90 38 46 92 -31 77 12 18 -47 65 10 -46 34 -6 -11 36 4 57 48 -21 59 -42 -2 15 40 42 -5 29 -38 -33 -16 12 64 81 41 82 -3 92 17 -5 40 -18 -33 28 36 -47 
4 46 55 -7 -7 29 -39 64 -13 79 56 64 73 76 -20 97 15 72 37 17 -42 94 -49 13 58 92 47 -5 98 -3 -48 18 92 -33 41 -14 37 75 -8 -20 -42 31 -22 54 -31 50 -6 -3 66 84 83 70 -8 -29 53 21 60 3 13 -42 83 -17 71 12 1 -49 49 -25 -18 -15 7 -25 
-23 -28 13 78 92 39 -26 92 47 97 -1 -35 -1 82 63 55 -38 66 41 14 -38 34 1 98 -28 0 -46 -29 -7 59 -48 89 -43 17 53 -22 25 -49 93 -46 -12 20 40 -23 43 -42 62 43 51 4 1 -37 9 28 82 71 -11 -33 79 59 38 -49 34 52 -33 69 78 89 61 -49 23 60 
-13 87 -21 80 -4 40 93 52 17 31 11 84 -24 57 -47 -19 40 38 37 -26 71 -24 -6 63 18 -22 66 54 -36 4 42 -44 97 83 4 23 -16 -4 34 4 -3 86 94 4 -48 37 36 44 54 -7 -30 -36 61 53 37 59 32 -4 -45 -40 -47 -37 -48 88 10 -42 -1 -26 71 -13 72 -16 
16 -27 17 -41 24 79 61 12 13 -19 26 42 25 -15 72 3 72 60 1 -12 99 40 -48 -40 48 53 80 68 -15 67 -49 33 -2 48 -35 48 71 -26 31 -37 76 63 60 57 -35 15 -42 20 -29 95 -38 -1 68 39 86 -43 -7 37 53 90 -47 -48 45 -17 -24 0 48 -8 17 -28 -26 35 
-8 84 77 5 8 91 -29 -48 -33 -24 -48 -39 43 6 25 -28 1 98 -18 23 70 8 47 -50 49 -8 -40 -22 97 93 90 98 21 9 5 51 33 40 23 38 40 -42 -14 44 38 13 38 5 94 -4 28 46 10 -13 -48 48 91 -14 63 -29 51 -43 35 29 15 -14 72 66 68 19 59 -12 
45 75 7 -9 -13 54 40 -24 -50 -41 -43 73 31 28 -21 -38 31 -10 10 -44 36 -17 -11 85 -40 12 -18 71 -35 31 -28 84 -14 -6 38 99 2 81 -31 -25 73 -27 27 44 87 3 -10 -21 -18 95 -23 53 -36 57 -11 41 13 98 19 44 60 79 -30 9 41 37 -46 -14 63 -10 23 92 
5 0 35 11 30 4 87 -39 22 5 36 -48 58 46 82 -4 75 28 74 44 -29 -14 0 45 59 59 59 -27 99 -10 -48 25 57 47 18 57 68 -21 84 -27 -35 78 -21 61 -8 98 95 80 50 78 -38 -33 23 -39 60 77 20 -43 55 82 77 -38 79 26 16 67 99 -5 83 90 38 -18 
-33 43 13 -32 62 84 99 26 -33 98 88 -36 56 -44 83 79 -46 53 5 -4 -17 -22 35 -22 71 -25 32 -13 0 91 90 29 8 96 -50 83 -22 37 48 16 57 -7 6 81 32 -44 1 87 -43 -28 75 40 6 54 35 90 -1 52 -38 -30 -22 -17 42 51 8 -12 67 -7 -48 69 -46 -11 
-22 -40 -10 -11 25 -16 43 -43 54 63 56 -33 -3 58 -25 15 -41 -13 -22 -32 77 27 -37 -29 51 -25 -14 58 13 65 -1 2 16 34 15 59 -30 84 -15 91 -39 -41 -35 53 82 92 64 26 -2 57 -10 -25 20 -30 85 41 67 -39 46 -10 -14 91 62 30 -21 80 81 72 -17 94 -19 98 
-46 32 -45 -18 -31 28 48 -40 -46 96 43 29 48 94 28 -39 60 -6 -19 92 5 -50 92 19 68 9 73 43 45 27 -44 -9 -22 64 95 48 -31 -34 -8 48 39 75 94 71 53 -19 49 -15 24 73 -46 3 24 2 70 54 33 -1 3 6 42 93 88 28 57 45 44 5 -45 91 -9 87 
-8 -22 -14 12 -5 -12 9 91 -9 -25 -29 46 18 40 29 94 91 98 42 -2 93 25 49 -10 35 45 43 -16 -4 23 -18 38 16 -29 26 -31 -37 -8 64 60 46 69 -28 20 3 59 -13 -50 13 -25 89 16 16 59 5 72 26 -37 -9 49 -30 99 12 59 26 3 -50 85 74 -31 6 13 
12 -7 8 70 8 -45 -20 80 27 71 -17 -33 38 53 71 3 -27 77 89 -47 14 -39 72 9 61 -5 60 -2 -23 -12 96 37 19 -35 88 -30 22 -9 1 4 83 39 36 37 -16 27 -16 -13 61 47 61 79 25 31 -14 72 94 -2 63 55 50 -10 87 -40 -24 -44 -29 -10 84 -27 -11 12 
8 -21 19 79 -3 -20 -24 -10 17 -23 -26 -31 -36 59 60 86 4 72 -5 37 48 82 21 99 -4 96 -43 25 15 23 69 -48 -33 62 -44 -10 59 61 17 -26 26 81 -25 44 75 -49 6 84 60 94 -16 -24 77 92 45 46 5 7 -37 66 11 65 -13 65 -15 -10 -46 67 -29 -27 73 -3 
-9 47 98 61 78 -50 -11 86 50 73 6 -11 96 -43 -13 -7 -16 65 -5 46 61 -25 87 81 71 37 -48 -44 10 -23 -9 71 -11 72 58 5 -14 88 34 42 -36 82 49 -25 -14 -19 87 74 93 35 -10 78 4 83 -18 6 78 63 53 63 64 71 -45 -42 95 69 -47 68 70 33 22 10 
17 38 -20 85 -24 59 50 -32 -50 29 38 -43 -48 -42 70 32 57 -21 90 63 13 83 3 10 -47 48 44 -5 82 9 -46 -35 -18 72 3 12 -25 -26 3 -2 38 72 -25 25 38 -34 77 66 29 67 -50 7 3 44 90 28 36 81 99 25 82 59 98 79 68 99 -46 11 60 85 75 3 
50 70 -2 81 8 -45 -24 82 8 72 -11 79 -2 47 76 84 2 -4 -32 50 -37 -26 26 -32 17 95 12 -25 -5 52 -39 50 -3 -37 86 73 41 3 -24 31 56 1 46 -39 29 10 79 7 -17 20 36 12 17 53 96 -21 2 46 69 72 -12 -48 90 27 -3 22 8 52 4 36 12 -39 
61 9 86 36 5 -46 45 98 -44 48 60 2 47 -30 -5 -21 26 89 -6 -19 82 33 -9 -27 9 38 -34 68 29 11 -1 85 66 44 78 -48 28 -45 -48 86 24 53 -16 3 68 35 14 32 26 77 95 -37 60 57 33 38 31 -46 47 -20 -10 75 63 -41 -4 51 51 4 98 18 -3 9 
52 42 52 31 39 40 87 -23 81 -25 89 -20 -28 68 -3 -27 1 17 71 53 -2 26 26 -8 -6 77 84 88 77 -21 11 42 53 -5 -42 -49 68 -20 -49 -32 -24 -32 0 35 65 58 76 -45 80 -38 5 -33 97 57 68 -21 27 -10 -15 86 26 62 -18 81 -38 60 25 56 20 3 36 12 
18 62 42 11 -20 19 65 59 -8 26 -49 66 88 -33 -24 -32 64 72 -46 74 68 -3 21 -22 -8 -43 51 81 -30 40 19 59 -35 -4 78 6 82 33 96 48 79 88 23 -36 72 68 -12 66 57 -8 48 93 -44 99 54 42 -33 -14 -24 81 24 -6 -19 -32 51 -14 -46 16 6 -23 -32 -28 
31 15 86 -43 -36 32 73 22 13 17 57 -45 -39 70 86 -40 -10 21 73 -27 42 -41 -2 -2 41 1 83 57 -18 -5 43 70 -23 -28 -14 5 -46 33 30 26 -30 43 0 76 58 20 -32 88 35 -48 39 2 -27 72 81 -22 -30 21 93 35 30 67 -42 69 23 -7 -13 -5 8 77 82 6 
50 -2 46 60 22 33 79 43 91 50 74 -1 7 58 12 67 15 76 -2 -30 61 -5 -43 -33 -27 35 43 -18 77 88 38 58 -25 -24 -8 -4 -10 -19 -29 34 74 -10 23 -37 92 -38 60 33 24 -43 -11 14 39 96 -38 47 -3 -35 2 10 61 11 82 38 4 54 72 54 56 78 7 36 
44 -38 9 24 92 70 63 -17 -38 -49 95 62 51 -16 -45 58 -25 -15 12 91 -8 48 -43 98 39 96 -42 74 63 -5 -38 7 78 -29 -30 48 92 38 3 83 42 -26 -24 90 73 48 19 64 78 59 24 90 -14 95 -40 -39 -33 64 45 40 -20 -33 41 50 26 2 82 -22 28 35 75 68 
13 -11 36 -44 58 -41 -4 15 15 -30 1 25 22 34 72 75 52 14 -22 65 64 -24 64 58 -49 -23 -25 -41 -28 92 17 -37 1 -16 78 70 33 60 -37 -27 44 98 22 -50 -49 75 21 84 91 22 37 22 34 12 -16 -30 99 48 1 28 63 33 99 13 -31 9 42 -48 -10 -36 -49 -27 
-13 50 68 26 1 -49 87 45 -30 -22 -25 -39 -22 9 -38 -2 88 72 10 20 -5 -36 19 -45 63 67 56 22 81 64 92 70 41 -19 95 -17 49 69 -32 87 64 97 38 -3 27 44 18 -25 1 35 -17 11 57 45 93 -35 -5 1 80 49 97 70 66 -22 96 -2 21 -26 61 73 68 -10 
84 32 -4 55 76 -1 54 38 35 -49 94 43 53 77 15 6 38 39 45 -7 86 -26 82 78 -46 46 -22 78 84 22 32 56 -27 -26 20 23 74 40 18 48 8 95 40 -13 -9 12 67 60 97 74 73 -16 -50 -50 80 68 -42 -9 -49 -11 73 -2 47 5 1 13 33 28 11 76 89 70 
-16 -21 1 77 -45 -27 76 31 4 97 -43 91 58 47 -6 70 73 88 21 -16 44 -14 21 4 -35 24 81 91 24 25 48 35 50 67 -11 -33 -50 -21 59 38 63 -44 85 25 -17 52 77 70 20 -29 -19 12 73 72 -23 47 -29 81 -11 16 33 -37 57 54 34 86 -1 -24 -41 24 24 -44 
74 0 97 70 97 -38 65 -8 2 61 75 -17 -43 -38 70 -14 60 66 3 -6 7 -38 -13 88 20 10 33 -32 -50 55 62 -14 0 60 68 90 -17 -44 -13 -25 65 -9 -45 -43 -42 64 1 -18 -6 -4 84 82 63 -22 79 -20 25 15 -46 85 -4 29 -47 61 66 54 -39 30 76 -50 56 38 
68 69 -42 -27 -44 -32 97 -38 -50 7 98 68 36 42 60 5 96 -11 -36 19 89 94 73 -43 33 30 86 -44 -44 67 81 10 52 84 20 58 -38 68 -12 -26 -10 98 -45 73 41 -1 70 -48 87 -49 27 43 72 84 -43 28 -33 -25 21 41 41 76 69 64 78 -33 33 23 65 99 -27 -15 
30 63 26 67 94 -27 -49 62 -42 13 12 -2 -7 76 63 69 40 -1 93 -34 94 79 -10 1 48 41 60 37 23 -36 -28 -11 -14 -10 35 55 -33 39 11 30 -46 40 34 56 35 75 34 70 99 94 94 23 7 -33 16 -3 -46 -47 68 98 49 72 47 26 10 -3 32 56 -19 86 59 54 
12 22 82 -45 92 70 62 15 65 43 -35 -50 16 -29 73 22 11 31 87 -3 36 58 12 24 8 48 25 -18 29 29 82 16 95 31 83 8 95 41 -45 96 59 -33 23 -12 -43 85 76 2 3 -24 82 2 -20 71 85 74 96 -6 22 21 -31 65 -49 64 66 51 72 57 -6 11 -22 67 
14 74 -19 -21 -23 26 -48 67 45 13 -37 -18 -35 59 -33 -8 81 -46 97 56 84 -43 88 -3 5 -1 31 83 -44 21 -12 78 64 22 31 -8 47 67 4 9 -45 53 25 -10 -50 97 59 95 81 -29 15 23 -6 19 -43 66 -35 -36 20 -7 5 63 -40 63 -21 93 63 5 4 50 76 -19 
-3 36 39 -15 8 -22 55 92 70 -50 34 -29 70 -44 79 -13 -23 -37 25 46 65 -29 17 87 13 99 -41 16 20 81 4 16 95 -6 80 58 -12 -44 -28 62 -29 61 78 39 1 42 69 10 7 42 -31 -9 2 -37 -26 81 91 -21 24 -37 22 -9 9 -3 80 -36 81 51 -44 95 -43 89 
-46 79 68 22 -30 97 74 44 32 89 -43 82 -29 -25 11 7 57 75 -2 71 84 -47 -20 -8 67 54 79 94 -45 17 43 10 34 -37 98 8 -14 -49 70 -42 73 52 30 34 66 -3 -31 97 -32 79 60 93 13 45 -7 -35 24 74 90 -28 56 48 -2 -3 81 -38 -12 38 94 -19 8 -15 
-11 12 -33 -33 99 1 -28 -41 35 43 89 99 82 39 46 -3 54 47 -48 -43 -40 86 59 68 -3 -25 42 50 -7 25 -17 18 40 9 48 35 50 50 -30 38 8 50 -4 55 57 29 -23 26 82 64 1 2 -25 -33 -7 98 -24 29 -50 -20 52 -23 -16 99 28 36 -46 -42 14 -39 -46 7 
