-20 -1 98 -2 7 22 -27 42 25 -2 96 -18 69 31 10 66 89 -38 86 92 42 12 -15 -46 -13 39 0 29 28 27 -7 15 18 6 -28 45 61 71 36 81 -27 48 -37 -4 17 36 56 97 -39 94 95 53 69 44 -37 33 89 27 8 
19 13 56 -36 -47 34 -1 47 23 24 -3 48 -4 17 11 47 54 -31 42 35 49 78 66 -20 59 1 37 72 -1 15 22 66 34 45 4 -41 3 58 89 -49 -16 -7 -21 41 49 55 -11 21 7 8 23 9 21 -49 -46 67 62 80 34 
-26 -37 -15 34 44 -29 67 96 -15 41 89 -30 -6 69 33 23 -23 68 -49 -47 88 88 68 15 22 23 13 33 -34 64 -23 85 34 46 82 0 45 57 -36 -6 22 24 69 -50 -21 99 97 41 5 -9 -18 94 -20 -34 83 28 -20 -4 82 
-29 -19 90 70 -35 65 -11 -2 10 -46 87 83 -47 66 62 84 41 17 68 -35 49 9 -33 56 -14 67 24 68 31 -35 21 33 47 70 95 -47 23 68 -26 86 97 47 -30 40 38 31 -43 28 82 -7 -47 -39 32 -15 48 11 12 32 47 
-8 25 86 99 -34 24 11 19 -25 71 44 -15 86 96 86 -44 -20 96 -28 39 -18 -40 -35 -22 82 74 78 -14 18 71 87 53 37 52 70 67 88 83 -32 5 35 -37 -21 1 -31 -35 0 93 26 99 31 22 37 -10 48 -50 -11 9 67 
94 -14 -25 -50 -36 89 22 -46 -14 -1 69 -1 95 5 78 -42 5 -7 30 -28 28 43 97 16 -14 26 40 85 50 1 -6 82 92 -22 26 -15 -41 88 72 67 37 -26 23 52 -1 -32 -17 22 -49 62 -13 61 -47 -39 6 -43 73 64 80 
-26 99 77 38 40 87 33 58 52 9 11 4 -37 65 70 -41 -21 35 -47 19 96 72 -9 43 -47 97 61 90 -36 86 84 44 61 -21 73 68 94 89 68 44 20 16 86 76 95 -9 92 -46 -1 -16 74 87 4 78 -43 79 54 -17 14 
-36 62 -19 -37 -24 -37 67 21 91 -38 11 -7 76 36 95 11 -34 46 53 92 46 91 -45 60 61 71 -13 23 1 38 -43 89 -40 -32 18 21 38 -19 -29 45 -47 68 60 -10 42 4 24 -41 26 55 -31 -9 -7 -21 61 76 0 -46 60 
-20 28 -15 51 46 5 68 40 -10 63 53 -47 -26 40 -10 26 8 54 46 -39 -35 -37 14 -20 15 15 -17 -50 4 14 25 -10 52 97 96 72 -24 -47 -15 82 26 -32 87 54 -38 -37 -50 -26 25 42 -25 0 31 -35 57 69 62 39 -3 
42 86 48 46 49 -1 54 -37 46 -18 7 -32 -10 2 0 28 23 56 15 -18 65 32 61 34 18 -15 93 -47 60 95 -39 72 -21 -4 89 3 -2 33 -37 86 88 21 2 92 86 -32 23 8 -35 2 -4 63 93 26 -23 -12 -19 77 -34 
97 -5 1 40 41 -6 -16 44 26 92 99 60 71 94 -27 37 4 56 52 25 90 74 -49 -30 -28 -23 -35 77 -49 -21 22 -48 72 37 2 11 92 -1 -9 58 92 -25 -35 -19 -3 88 20 -39 -46 82 58 -49 42 4 -11 5 47 7 62 
65 72 20 -14 -49 48 27 71 -6 -33 27 89 -32 86 49 -14 -21 34 17 36 -46 67 -32 -3 15 -43 2 -35 44 66 45 91 45 26 47 -7 -26 -38 61 -11 84 52 34 77 -7 39 -22 0 11 7 29 49 -21 -17 26 82 -1 95 -28 
90 5 -31 -29 77 95 44 91 15 87 16 -31 24 -34 76 98 93 -21 89 29 32 -11 78 31 -14 45 84 -45 -23 -39 -26 -15 58 21 -21 70 59 -49 2 66 69 56 79 6 12 16 45 -47 -47 82 -27 -4 38 13 64 56 85 -6 72 
-19 81 67 -19 -30 54 99 -37 -21 95 23 -6 -34 -1 61 62 99 0 65 36 10 72 -39 19 8 71 52 66 47 69 9 38 8 94 88 6 80 58 4 -6 44 -5 7 45 78 -26 60 -10 81 50 80 -40 -3 90 13 92 -4 63 27 
44 2 -11 -33 93 -32 83 76 -25 -44 -6 -21 92 -46 48 40 68 84 71 38 7 -41 97 91 36 21 69 23 26 -5 41 95 49 -33 -14 31 -49 -50 49 7 17 97 46 20 9 20 -23 -34 61 -46 56 48 19 -13 82 85 -21 -10 44 
-28 19 6 3 41 60 26 50 -29 39 -20 4 34 66 46 21 19 79 24 -43 4 -37 60 26 24 30 58 62 49 91 41 -43 28 -38 63 19 -4 92 -17 -46 58 -50 -25 74 15 7 12 51 39 19 69 21 56 -12 -19 46 -31 23 73 
62 3 49 59 -17 95 77 75 83 -3 -3 12 83 -43 91 99 41 62 -45 99 80 77 -29 -34 64 -27 22 39 18 -1 -25 79 80 83 91 37 34 69 -37 -46 59 -11 -38 73 82 25 96 58 -6 53 36 80 89 -13 -41 -17 72 14 35 
-48 -23 97 -14 56 -37 46 -48 33 -6 30 50 72 -24 -50 -36 -1 -49 -35 13 30 -26 39 21 52 37 93 -3 31 28 8 -37 24 59 79 25 -44 95 -6 81 92 89 -20 79 -50 25 -49 92 21 -21 48 58 -3 22 -8 61 85 61 -33 
12 -19 2 2 98 26 93 93 -15 -34 -17 79 77 3 17 -14 5 81 -7 -12 -25 70 -43 39 -28 -27 -5 30 -49 46 43 -10 97 11 23 3 -29 72 -33 86 30 73 -24 82 87 -3 -41 76 48 24 93 66 34 53 54 69 -16 53 10 
11 68 5 48 -15 18 92 11 61 19 -11 36 -4 93 80 70 57 -16 91 87 26 60 41 -40 -26 -20 -5 6 49 49 90 97 77 62 71 13 84 -48 24 86 90 33 -7 71 -44 -33 32 13 37 70 39 57 79 47 70 28 -11 32 59 
-29 83 -36 67 7 -41 -33 20 31 49 -23 -10 -15 -12 -23 8 38 81 -49 95 -6 70 70 -23 95 -45 67 28 85 -47 73 39 61 18 5 51 -4 -15 19 64 82 -44 -11 6 -3 52 76 25 -31 18 8 83 14 -13 -47 26 21 57 -1 
-7 0 -42 92 -38 -34 89 26 -5 0 -16 67 43 9 28 20 87 60 7 3 69 96 14 -44 92 43 67 50 2 46 87 -12 13 54 87 -5 61 23 97 13 -14 81 44 91 -21 25 -41 -10 46 45 67 92 49 -12 -30 5 33 0 57 
83 -42 -35 88 -1 62 35 66 65 76 84 29 -38 68 89 47 -24 62 2 -30 2 34 25 4 13 85 51 88 21 72 91 8 36 23 6 3 -31 -46 -13 57 52 90 -13 49 10 12 1 -29 95 -19 38 -24 -49 27 31 -6 77 90 89 
14 -28 34 -36 13 83 3 -46 -35 72 -46 85 47 -45 -32 71 -44 40 1 -19 -13 -29 63 25 75 -45 80 -21 98 36 98 30 44 48 -4 -29 74 69 77 61 11 12 66 -26 92 -18 -10 45 -24 84 54 84 71 -13 0 -41 -21 95 58 
-28 44 32 97 -44 11 7 -28 52 2 -2 -47 21 -29 76 -31 26 8 74 16 63 36 88 -13 -16 77 41 -26 34 -45 83 42 80 87 -49 68 -40 50 78 84 65 88 7 13 63 -5 67 16 -33 81 89 49 -15 45 -23 77 16 79 3 
-9 94 51 0 9 -45 11 -40 89 85 95 98 -48 2 72 -40 33 51 16 7 73 -28 86 83 76 -38 58 13 -6 25 -18 -33 40 -36 -42 97 27 43 -10 84 -20 -9 11 64 -37 47 64 -2 87 -12 -46 -24 74 -41 -35 39 -48 84 69 
38 52 32 35 42 64 -27 -15 -11 44 -5 95 -22 19 79 27 39 20 -25 39 51 89 -34 86 60 15 4 54 12 -12 62 3 -39 80 5 -9 28 -10 64 20 -38 46 -3 66 -10 -31 10 -9 4 -24 51 -44 60 74 88 2 15 -11 87 
-33 -50 -48 5 11 42 94 65 -48 13 5 39 90 29 50 53 -32 -35 29 91 90 68 8 -37 -43 2 35 44 54 63 -43 3 52 65 25 82 53 45 87 -27 -15 30 29 17 56 -1 -37 -23 94 -19 57 26 82 83 -31 33 35 69 -33 
-24 -11 72 79 56 97 80 57 -41 -49 15 14 93 91 5 28 -21 -9 -29 49 -46 14 -11 75 51 76 -41 5 12 40 -3 -47 -49 38 15 -47 43 -46 -4 55 -7 27 -30 92 68 -45 -41 -6 -20 -20 37 58 88 14 6 23 88 -35 -40 
92 31 59 70 69 -8 25 -47 79 94 68 -33 14 -12 61 48 -34 -42 -48 -6 -35 -50 22 28 95 17 69 27 -21 16 50 31 -12 20 -42 47 78 83 40 29 83 21 76 -43 71 -46 87 36 -12 8 19 -36 -33 69 -45 32 91 25 41 
-20 98 -30 47 -32 30 22 48 12 92 -36 29 81 35 56 0 -28 62 22 99 39 -15 -26 49 -16 -15 6 53 59 91 -21 -28 -10 53 -45 36 -3 68 -45 98 -40 25 -34 35 -38 42 21 2 -30 46 90 -13 98 27 40 -13 90 -49 70 
-17 51 1 72 -44 -26 -44 4 81 -7 38 86 66 54 -24 -10 -41 -20 -16 -30 17 -21 12 28 30 -14 15 87 26 45 80 3 67 48 -10 77 74 63 17 67 50 56 78 -48 78 12 -49 17 33 -20 68 -42 -23 -5 61 -29 68 -44 61 
-44 28 13 85 13 -20 -35 42 18 -24 55 -21 32 60 93 1 91 -49 28 35 4 16 -22 60 12 -3 74 29 -17 95 33 -5 -23 -29 54 -16 63 81 -12 -12 87 11 69 66 -32 -10 -14 22 -27 38 41 65 82 18 -43 61 -50 25 78 
-46 36 35 60 -5 15 27 71 3 42 74 65 27 50 79 3 1 54 -44 -5 93 -24 14 -2 56 51 88 -29 -29 16 -30 0 73 -20 -4 74 94 72 61 80 6 28 56 66 45 2 51 46 -42 39 6 69 -22 88 73 56 69 96 3 
-46 38 59 92 -17 57 30 -23 -40 73 66 33 -7 -37 44 -13 93 80 83 -38 83 -47 46 -46 11 47 31 36 91 -40 53 17 25 -6 37 37 44 96 92 65 64 70 22 91 -14 36 42 73 83 12 -27 57 85 -35 65 35 -25 89 -23 
28 96 30 -2 23 17 -5 45 78 38 38 -7 42 -36 35 -15 -38 -21 48 12 -25 -36 40 -41 -45 76 5 14 16 94 25 -42 72 23 13 -24 41 88 59 22 -5 -31 -15 -28 95 96 5 46 85 63 1 83 -35 99 61 -17 75 -47 -12 
18 79 24 -47 7 28 61 11 7 21 26 -10 -22 90 -46 -44 65 71 -38 -39 90 74 -21 5 9 24 30 62 54 41 -16 88 -24 20 9 -21 34 -44 9 74 -4 -8 92 32 97 -19 54 -30 35 96 -18 -9 -13 82 -31 17 96 12 -46 
40 27 73 -40 48 99 22 53 91 55 -13 2 80 -9 -7 30 -2 18 -9 -27 -14 79 81 19 93 48 56 82 -24 -17 26 -45 64 21 22 27 73 -40 1 85 -1 49 6 -44 8 -45 67 -10 78 88 43 84 -25 -14 -40 -10 79 18 -4 
73 70 37 -38 59 4 -9 83 68 98 57 5 12 21 25 24 80 58 -11 22 83 41 -30 6 -20 -48 23 75 -14 -37 -13 72 -29 19 91 55 91 1 17 -5 -24 -5 -18 -11 43 65 -44 31 84 19 -33 -49 -19 -8 -40 22 8 -40 -22 
85 -45 22 -9 77 3 66 55 -2 81 95 -26 73 0 -22 78 43 46 -21 16 54 -41 -48 -32 83 5 55 -20 69 -45 51 7 -43 39 -21 -24 77 31 89 -14 -44 71 57 15 -47 -31 23 -23 -49 7 -44 16 96 65 85 38 72 59 -50 
69 48 -5 -25 83 33 60 1 38 -22 81 -39 91 66 14 -8 -49 57 36 -48 -26 13 94 12 -32 88 -20 -17 -46 90 87 78 -49 -17 78 61 -9 22 15 52 -9 -49 -34 76 27 7 95 31 24 78 70 10 25 97 23 -14 35 8 -17 
55 31 -19 -13 -39 -15 75 -7 -4 -28 77 -3 95 8 -15 -15 -27 63 -29 10 56 46 23 20 80 -31 57 98 98 -9 59 -5 35 76 -16 -50 70 13 86 37 -7 97 6 51 -17 31 -25 11 54 60 -33 -22 77 92 -8 53 89 60 65 
-39 83 -2 24 -16 11 87 -19 -34 -27 -34 -19 93 97 -47 -11 44 84 49 5 65 7 69 1 -8 72 71 41 -32 75 30 -30 -38 -2 -16 -37 -30 68 -43 91 40 1 55 14 -23 5 -38 56 -31 -7 99 53 -50 -42 6 13 54 -31 41 
-26 -45 68 91 34 87 -50 87 -5 -4 -19 -26 -18 98 4 -50 94 86 -36 75 1 -28 -48 85 26 -49 4 -7 -46 3 51 -11 61 92 -14 17 69 10 90 85 -36 -32 62 33 58 96 66 74 -25 -50 71 12 84 60 87 68 -28 -13 2 
-15 68 86 69 60 -7 41 81 13 42 3 30 81 -14 -34 -5 97 27 -41 -38 92 -5 -30 -35 6 -10 -48 91 47 -29 49 23 38 -26 -41 66 -39 -50 5 -11 43 65 69 -3 83 13 75 35 -34 53 -5 2 -2 99 1 -38 -24 18 7 
69 -47 45 37 76 26 64 -14 75 10 51 14 41 6 97 -2 -2 25 86 73 -29 -28 -32 0 -7 -34 13 40 73 -35 -15 -47 -5 25 14 -23 7 68 46 72 -9 12 20 39 63 57 24 54 20 46 97 -45 58 -32 13 15 4 92 49 
-6 -43 -25 -48 96 5 11 39 -22 -23 2 70 50 97 41 16 -29 -42 76 16 85 -22 84 -25 8 56 17 -33 1 85 96 45 37 19 59 35 29 60 49 17 -2 28 65 24 16 70 -3 -7 47 25 0 89 97 -18 -5 97 14 88 28 
32 50 22 80 -29 -11 -34 -27 47 2 6 83 21 52 9 81 92 -26 87 -33 -14 48 8 49 22 -15 92 86 -36 -48 13 39 5 28 6 57 -29 41 36 72 -17 -9 -43 9 63 -12 67 62 -27 50 41 -5 1 96 -15 -20 6 -13 -46 
15 4 -6 34 -19 -20 9 -23 98 84 -23 67 12 21 27 92 16 32 45 22 30 64 40 -40 60 47 95 -35 55 13 -39 85 76 30 36 8 64 76 76 54 62 75 23 -15 66 86 -26 14 29 65 27 40 47 82 4 -24 -36 -19 75 
-44 78 -36 16 68 13 57 52 62 -8 52 -22 10 -44 82 99 70 29 54 52 -12 -27 90 -46 -38 44 58 72 42 17 -27 -25 -47 16 -22 -42 91 44 52 22 -8 -14 53 38 21 80 -1 -23 38 67 77 -19 -47 16 12 12 86 -49 84 
49 3 91 -26 38 32 80 81 17 -28 72 -12 64 2 -39 86 4 38 47 18 14 -45 99 10 -2 -31 13 33 -44 89 56 6 61 -23 90 76 -30 -9 10 -21 -8 46 70 55 -35 18 -17 4 90 11 77 -19 -17 11 56 10 -8 75 48 
33 -24 95 7 31 -22 78 67 52 60 35 -30 -10 6 -42 5 65 16 2 65 4 -5 97 -50 34 26 91 -9 7 23 47 56 29 63 47 11 -48 81 25 -39 64 -37 85 5 87 94 -6 76 -2 84 92 -46 -18 -29 -34 35 -18 -29 19 
6 -6 99 28 76 82 66 -33 -19 -27 59 95 -3 -43 73 -11 70 49 57 71 36 -48 17 33 -31 76 33 99 61 94 -6 3 18 82 43 -31 -24 53 35 -25 -8 38 88 5 84 51 -50 53 31 33 -7 14 10 31 45 80 -50 -23 -20 
77 -9 73 -19 66 -48 61 -27 -18 -28 6 7 81 1 87 -9 -7 96 28 21 86 -49 90 82 -20 73 -45 -33 -3 -29 30 46 92 39 97 72 -47 79 44 39 77 -44 -26 39 -39 90 94 99 60 -42 99 19 14 15 30 -18 -43 9 33 
-33 26 -41 67 -44 -7 14 21 26 47 37 -6 -43 -47 25 13 53 -29 3 27 -37 28 69 62 -18 12 31 -15 15 83 23 86 83 36 -40 0 -23 12 -3 51 51 -12 58 -21 19 75 66 -19 45 -43 64 64 14 60 -23 87 79 17 21 
34 35 -3 -4 30 -6 37 -40 6 37 -45 19 14 -47 93 -20 -45 -7 75 21 60 91 31 71 28 -6 -4 9 82 83 -34 21 7 15 52 13 -5 7 67 23 -12 61 18 86 2 36 69 86 17 -39 -28 -43 -3 96 95 49 79 -24 36 
43 -24 -23 25 80 15 -24 48 -45 20 45 -17 -45 -36 48 15 56 70 30 38 10 51 18 33 79 75 54 2 57 22 13 -49 3 -38 -33 62 61 87 53 20 -22 92 -46 73 86 95 73 97 -41 16 26 17 -3 96 56 9 4 98 -44 
23 -11 51 -17 38 -11 58 -43 -10 17 97 47 95 -30 -18 -24 -10 -31 -40 80 -9 -43 -17 95 -23 31 -3 81 94 70 39 19 26 -36 84 -49 -13 -45 43 -25 60 -2 -27 52 93 99 37 30 -48 -35 85 -34 -47 53 84 1 4 65 80 
92 62 14 8 -5 -18 48 56 18 72 -21 21 6 96 -9 65 71 69 -4 38 99 12 -36 69 68 -24 48 54 30 40 -41 27 45 78 52 56 -17 65 67 53 17 20 0 51 72 -14 47 -42 -34 95 69 -14 34 33 -3 85 69 -48 -8 
